5.15415827084843	3.59740618121342
5.1546853240542	3.59706229784899
5.15521237725997	3.59671841448456
5.15573943046573	3.59637453112013
5.1562664836715	3.5960306477557
5.15679353687727	3.59568676439127
5.15732059008304	3.59534288102684
5.1578476432888	3.59499899766241
5.15837469649457	3.59465511429798
5.15890174970034	3.59431123093355
5.15942880290611	3.59396734756912
5.15995585611187	3.59362346420469
5.16048290931764	3.59327958084026
5.16100996252341	3.59293569747583
5.16153701572918	3.5925918141114
5.16206406893494	3.59224793074697
5.16259112214071	3.59190404738254
5.16311817534648	3.59156016401811
5.16364522855225	3.59121628065368
5.16417228175801	3.59087239728925
5.16469933496378	3.59052851392482
5.16522638816955	3.59018463056039
5.16575344137532	3.58984074719596
5.16628049458108	3.58949686383153
5.16680754778685	3.5891529804671
5.16733460099262	3.58880909710267
5.16786165419839	3.58846521373824
5.16838870740416	3.58812133037381
5.16891576060992	3.58777744700938
5.16944281381569	3.58743356364495
5.16996986702146	3.58708968028052
5.17049692022723	3.58674579691609
5.17102397343299	3.58640191355166
5.17155102663876	3.58605803018723
5.17207807984453	3.5857141468228
5.1726051330503	3.58537026345837
5.17313218625606	3.58502638009394
5.17365923946183	3.58468249672951
5.1741862926676	3.58433861336508
5.17471334587337	3.58399473000065
5.17524039907913	3.58365084663622
5.1757674522849	3.58330696327179
5.17629450549067	3.58296307990736
5.17682155869644	3.58261919654293
5.1773486119022	3.58227531317851
5.17787566510797	3.58193142981408
5.17840271831374	3.58158754644964
5.17892977151951	3.58124366308521
5.17945682472527	3.58089977972078
5.17998387793104	3.58055589635636
5.18051093113681	3.58021201299192
5.18103798434258	3.57986812962749
5.18156503754834	3.57952424626306
5.18209209075411	3.57918036289863
5.18261914395988	3.57883647953421
5.18314619716565	3.57849259616978
5.18367325037141	3.57814871280535
5.18420030357718	3.57780482944092
5.18472735678295	3.57746094607649
5.18525440998872	3.57711706271206
5.18578146319448	3.57677317934763
5.18630851640025	3.5764292959832
5.18683556960602	3.57608541261877
5.18736262281179	3.57574152925434
5.18788967601755	3.57539764588991
5.18841672922332	3.57505376252548
5.18894378242909	3.57470987916105
5.18947083563486	3.57436599579662
5.18999788884063	3.57402211243219
5.19052494204639	3.57367822906776
5.19105199525216	3.57333434570333
5.19157904845793	3.5729904623389
5.1921061016637	3.57264657897447
5.19263315486946	3.57230269561004
5.19316020807523	3.57195881224561
5.193687261281	3.57161492888118
5.19421431448677	3.57127104551675
5.19474136769253	3.57092716215232
5.1952684208983	3.57058327878789
5.19579547410407	3.57023939542346
5.19632252730984	3.56989551205903
5.1968495805156	3.5695516286946
5.19737663372137	3.56920774533017
5.19790368692714	3.56886386196574
5.19843074013291	3.56851997860131
5.19895779333867	3.56817609523688
5.19948484654444	3.56783221187245
5.20001189975021	3.56748832850802
5.20053895295598	3.56714444514359
5.20106600616174	3.56680056177916
5.20159305936751	3.56645667841473
5.20212011257328	3.5661127950503
5.20264716577905	3.56576891168587
5.20317421898481	3.56542502832144
5.20370127219058	3.56508114495701
5.20422832539635	3.56473726159258
5.20475537860212	3.56439337822815
5.20528243180788	3.56404949486372
5.20580948501365	3.56370561149929
5.20633653821942	3.56336172813486
5.20686359142519	3.56301784477043
5.20739064463095	3.562673961406
5.20791769783672	3.56233007804157
5.20844475104249	3.56198619467714
5.20897180424826	3.56164231131271
5.20949885745402	3.56129842794828
5.21002591065979	3.56095454458385
5.21055296386556	3.56061066121942
5.21108001707133	3.56026677785499
5.2116070702771	3.55992289449056
5.21213412348286	3.55957901112613
5.21266117668863	3.5592351277617
5.2131882298944	3.55889124439727
5.21371528310017	3.55854736103284
5.21424233630593	3.55820347766841
5.2147693895117	3.55785959430398
5.21529644271747	3.55751571093955
5.21582349592324	3.55717182757512
5.216350549129	3.55682794421069
5.21687760233477	3.55648406084626
5.21740465554054	3.55614017748183
5.21793170874631	3.5557962941174
5.21845876195207	3.55545241075297
5.21898581515784	3.55510852738854
5.21951286836361	3.55476464402411
5.22003992156938	3.55442076065968
5.22056697477514	3.55407687729525
5.22109402798091	3.55373299393082
5.22162108118668	3.55338911056639
5.22214813439245	3.55304522720196
5.22267518759821	3.55270134383753
5.22320224080398	3.5523574604731
5.22372929400975	3.55201357710867
5.22425634721552	3.55166969374424
5.22478340042128	3.55132581037981
5.22531045362705	3.55098192701538
5.22583750683282	3.55063804365095
5.22636456003859	3.55029416028652
5.22689161324435	3.54995027692209
5.22741866645012	3.54960639355766
5.22794571965589	3.54926251019323
5.22847277286166	3.5489186268288
5.22899982606742	3.54857474346437
5.22952687927319	3.54823086009994
5.23005393247896	3.54788697673551
5.23058098568473	3.54754309337108
5.23110803889049	3.54719921000665
5.23163509209626	3.54685532664222
5.23216214530203	3.54651144327779
5.2326891985078	3.54616755991336
5.23321625171356	3.54582367654893
5.23374330491933	3.5454797931845
5.2342703581251	3.54513590982007
5.23479741133087	3.54479202645564
5.23532446453664	3.54444814309121
5.2358515177424	3.54410425972678
5.23637857094817	3.54376037636235
5.23690562415394	3.54341649299792
5.23743267735971	3.54307260963349
5.23795973056547	3.54272872626906
5.23848678377124	3.54238484290463
5.23901383697701	3.5420409595402
5.23954089018278	3.54169707617577
5.24006794338854	3.54135319281134
5.24059499659431	3.54100930944691
5.24112204980008	3.54066542608248
5.24164910300585	3.54032154271805
5.24217615621161	3.53997765935362
5.24270320941738	3.53963377598919
5.24323026262315	3.53928989262476
5.24375731582892	3.53894600926033
5.24428436903468	3.5386021258959
5.24481142224045	3.53825824253147
5.24533847544622	3.53791435916704
5.24586552865199	3.53757047580261
5.24639258185775	3.53722659243818
5.24691963506352	3.53688270907375
5.24744668826929	3.53653882570932
5.24797374147506	3.53619494234489
5.24850079468082	3.53585105898046
5.24902784788659	3.53550717561603
5.24955490109236	3.5351632922516
5.25008195429813	3.53481940888717
5.25060900750389	3.53447552552274
5.25113606070966	3.53413164215831
5.25166311391543	3.53378775879388
5.2521901671212	3.53344387542945
5.25271722032696	3.53309999206502
5.25324427353273	3.53275610870059
5.2537713267385	3.53241222533616
5.25429837994427	3.53206834197173
5.25482543315003	3.5317244586073
5.2553524863558	3.53138057524287
5.25587953956157	3.53103669187844
5.25640659276734	3.53069280851401
5.25693364597311	3.53034892514958
5.25746069917887	3.53000504178515
5.25798775238464	3.52966115842072
5.25851480559041	3.52931727505629
5.25904185879618	3.52897339169186
5.25956891200194	3.52862950832743
5.26009596520771	3.528285624963
5.26062301841348	3.52794174159857
5.26115007161925	3.52759785823414
5.26167712482501	3.52725397486971
5.26220417803078	3.52691009150528
5.26273123123655	3.52656620814085
5.26325828444232	3.52622232477642
5.26378533764808	3.52587844141199
5.26431239085385	3.52553455804756
5.26483944405962	3.52519067468313
5.26536649726539	3.5248467913187
5.26589355047115	3.52450290795427
5.26642060367692	3.52415902458984
5.26694765688269	3.52381514122541
5.26747471008846	3.52347125786098
5.26800176329422	3.52312737449655
5.26852881649999	3.52278349113212
5.26905586970576	3.52243960776769
5.26958292291153	3.52209572440326
5.27010997611729	3.52175184103883
5.27063702932306	3.5214079576744
5.27116408252883	3.52106407430997
5.2716911357346	3.52072019094554
5.27221818894036	3.52037630758111
5.27274524214613	3.52003242421668
5.2732722953519	3.51968854085225
5.27379934855767	3.51934465748782
5.27432640176343	3.51900077412339
5.2748534549692	3.51865689075896
5.27538050817497	3.51831300739453
5.27590756138074	3.5179691240301
5.2764346145865	3.51762524066567
5.27696166779227	3.51728135730124
5.27748872099804	3.51693747393681
5.27801577420381	3.51659359057238
5.27854282740957	3.51624970720795
5.27906988061534	3.51590582384352
5.27959693382111	3.51556194047909
5.28012398702688	3.51521805711466
5.28065104023265	3.51487417375023
5.28117809343841	3.5145302903858
5.28170514664418	3.51418640702137
5.28223219984995	3.51384252365694
5.28275925305572	3.51349864029251
5.28328630626148	3.51315475692808
5.28381335946725	3.51281087356365
5.28434041267302	3.51246699019922
5.28486746587879	3.51212310683479
5.28539451908455	3.51177922347036
5.28592157229032	3.51143534010593
5.28644862549609	3.5110914567415
5.28697567870186	3.51074757337707
5.28750273190762	3.51040369001264
5.28802978511339	3.51005980664821
5.28855683831916	3.50971592328378
5.28908389152493	3.50937203991935
5.28961094473069	3.50902815655492
5.29013799793646	3.50868427319049
5.29066505114223	3.50834038982606
5.291192104348	3.50799650646163
5.29171915755376	3.5076526230972
5.29224621075953	3.50730873973277
5.2927732639653	3.50696485636834
5.29330031717107	3.50662097300391
5.29382737037683	3.50627708963948
5.2943544235826	3.50593320627505
5.29488147678837	3.50558932291063
5.29540852999414	3.50524543954619
5.2959355831999	3.50490155618176
5.29646263640567	3.50455767281733
5.29698968961144	3.5042137894529
5.29751674281721	3.50386990608848
5.29804379602297	3.50352602272404
5.29857084922874	3.50318213935961
5.29909790243451	3.50283825599518
5.29962495564028	3.50249437263075
5.30015200884604	3.50215048926633
5.30067906205181	3.5018066059019
5.30120611525758	3.50146272253747
5.30173316846335	3.50111883917304
5.30226022166912	3.50077495580861
5.30278727487488	3.50043107244418
5.30331432808065	3.50008718907975
5.30384138128642	3.49974330571532
5.30436843449219	3.49939942235089
5.30489548769795	3.49905553898646
5.30542254090372	3.49871165562203
5.30594959410949	3.4983677722576
5.30647664731526	3.49802388889317
5.30700370052102	3.49768000552874
5.30753075372679	3.49733612216431
5.30805780693256	3.49699223879988
5.30858486013833	3.49664835543545
5.30911191334409	3.49630447207102
5.30963896654986	3.49596058870659
5.31016601975563	3.49561670534216
5.3106930729614	3.49527282197773
5.31122012616716	3.4949289386133
5.31174717937293	3.49458505524887
5.3122742325787	3.49424117188444
5.31280128578447	3.49389728852001
5.31332833899023	3.49355340515558
5.313855392196	3.49320952179115
5.31438244540177	3.49286563842672
5.31490949860754	3.49252175506229
5.3154365518133	3.49217787169786
5.31596360501907	3.49183398833343
5.31649065822484	3.491490104969
5.31701771143061	3.49114622160457
5.31754476463637	3.49080233824014
5.31807181784214	3.49045845487571
5.31859887104791	3.49011457151128
5.31912592425368	3.48977068814685
5.31965297745944	3.48942680478242
5.32018003066521	3.48908292141799
5.32070708387098	3.48873903805356
5.32123413707675	3.48839515468913
5.32176119028251	3.4880512713247
5.32228824348828	3.48770738796027
5.32281529669405	3.48736350459584
5.32334234989982	3.48701962123141
5.32386940310559	3.48667573786698
5.32439645631135	3.48633185450255
5.32492350951712	3.48598797113812
5.32545056272289	3.48564408777369
5.32597761592866	3.48530020440926
5.32650466913442	3.48495632104483
5.32703172234019	3.4846124376804
5.32755877554596	3.48426855431597
5.32808582875173	3.48392467095154
5.32861288195749	3.48358078758711
5.32913993516326	3.48323690422268
5.32966698836903	3.48289302085825
5.3301940415748	3.48254913749382
5.33072109478056	3.48220525412939
5.33124814798633	3.48186137076496
5.3317752011921	3.48151748740053
5.33230225439787	3.4811736040361
5.33282930760363	3.48082972067167
5.3333563608094	3.48048583730724
5.33388341401517	3.48014195394281
5.33441046722094	3.47979807057838
5.3349375204267	3.47945418721395
5.33546457363247	3.47911030384952
5.33599162683824	3.47876642048509
5.33651868004401	3.47842253712066
5.33704573324977	3.47807865375623
5.33757278645554	3.4777347703918
5.33809983966131	3.47739088702737
5.33862689286708	3.47704700366294
5.33915394607284	3.47670312029851
5.33968099927861	3.47635923693408
5.34020805248438	3.47601535356965
5.34073510569015	3.47567147020522
5.34126215889591	3.47532758684079
5.34178921210168	3.47498370347636
5.34231626530745	3.47463982011193
5.34284331851322	3.4742959367475
5.34337037171898	3.47395205338307
5.34389742492475	3.47360817001864
5.34442447813052	3.47326428665421
5.34495153133629	3.47292040328978
5.34547858454205	3.47257651992535
5.34600563774782	3.47223263656092
5.34653269095359	3.47188875319649
5.34705974415936	3.47154486983206
5.34758679736513	3.47120098646763
5.34811385057089	3.4708571031032
5.34864090377666	3.47051321973877
5.34916795698243	3.47016933637434
5.3496950101882	3.46982545300991
5.35022206339396	3.46948156964548
5.35074911659973	3.46913768628105
5.3512761698055	3.46879380291662
5.35180322301127	3.46844991955219
5.35233027621703	3.46810603618776
5.3528573294228	3.46776215282333
5.35338438262857	3.4674182694589
5.35391143583434	3.46707438609447
5.3544384890401	3.46673050273004
5.35496554224587	3.46638661936561
5.35549259545164	3.46604273600118
5.35601964865741	3.46569885263675
5.35654670186317	3.46535496927232
5.35707375506894	3.46501108590789
5.35760080827471	3.46466720254346
5.35812786148048	3.46432331917903
5.35865491468624	3.4639794358146
5.35918196789201	3.46363555245017
5.35970902109778	3.46329166908574
5.36023607430355	3.46294778572131
5.36076312750931	3.46260390235688
5.36129018071508	3.46226001899245
5.36181723392085	3.46191613562802
5.36234428712662	3.46157225226359
5.36287134033238	3.46122836889916
5.36339839353815	3.46088448553473
5.36392544674392	3.4605406021703
5.36445249994969	3.46019671880587
5.36497955315545	3.45985283544144
5.36550660636122	3.45950895207701
5.36603365956699	3.45916506871258
5.36656071277276	3.45882118534815
5.36708776597852	3.45847730198372
5.36761481918429	3.45813341861929
5.36814187239006	3.45778953525486
5.36866892559583	3.45744565189043
5.3691959788016	3.457101768526
5.36972303200736	3.45675788516157
5.37025008521313	3.45641400179714
5.3707771384189	3.45607011843271
5.37130419162467	3.45572623506828
5.37183124483043	3.45538235170385
5.3723582980362	3.45503846833942
5.37288535124197	3.45469458497499
5.37341240444774	3.45435070161056
5.3739394576535	3.45400681824613
5.37446651085927	3.4536629348817
5.37499356406504	3.45331905151727
5.37552061727081	3.45297516815284
5.37604767047657	3.45263128478841
5.37657472368234	3.45228740142398
5.37710177688811	3.45194351805955
5.37762883009388	3.45159963469512
5.37815588329964	3.45125575133069
5.37868293650541	3.45091186796626
5.37920998971118	3.45056798460183
5.37973704291695	3.4502241012374
5.38026409612271	3.44988021787297
5.38079114932848	3.44953633450854
5.38131820253425	3.44919245114411
5.38184525574002	3.44884856777968
5.38237230894578	3.44850468441525
5.38289936215155	3.44816080105082
5.38342641535732	3.44781691768639
5.38395346856309	3.44747303432196
5.38448052176885	3.44712915095753
5.38500757497462	3.4467852675931
5.38553462818039	3.44644138422867
5.38606168138616	3.44609750086424
5.38658873459192	3.44575361749981
5.38711578779769	3.44540973413538
5.38764284100346	3.44506585077095
5.38816989420923	3.44472196740652
5.38869694741499	3.44437808404209
5.38922400062076	3.44403420067766
5.38975105382653	3.44369031731323
5.3902781070323	3.4433464339488
5.39080516023806	3.44300255058437
5.39133221344383	3.44265866721994
5.3918592666496	3.44231478385551
5.39238631985537	3.44197090049108
5.39291337306114	3.44162701712665
5.3934404262669	3.44128313376222
5.39396747947267	3.44093925039779
5.39449453267844	3.44059536703336
5.39502158588421	3.44025148366893
5.39554863908997	3.4399076003045
5.39607569229574	3.43956371694007
5.39660274550151	3.43921983357564
5.39712979870728	3.43887595021121
5.39765685191304	3.43853206684678
5.39818390511881	3.43818818348235
5.39871095832458	3.43784430011792
5.39923801153035	3.43750041675349
5.39976506473611	3.43715653338906
5.40029211794188	3.43681265002463
5.40081917114765	3.4364687666602
5.40134622435342	3.43612488329577
5.40187327755918	3.43578099993134
5.40240033076495	3.43543711656691
5.40292738397072	3.43509323320248
5.40345443717649	3.43474934983805
5.40398149038225	3.43440546647362
5.40450854358802	3.43406158310919
5.40503559679379	3.43371769974476
5.40556264999956	3.43337381638033
5.40608970320532	3.4330299330159
5.40661675641109	3.43268604965147
5.40714380961686	3.43234216628704
5.40767086282263	3.43199828292261
5.40819791602839	3.43165439955818
5.40872496923416	3.43131051619375
5.40925202243993	3.43096663282932
5.4097790756457	3.43062274946489
5.41030612885146	3.43027886610046
5.41083318205723	3.42993498273603
5.411360235263	3.4295910993716
5.41188728846877	3.42924721600717
5.41241434167453	3.42890333264274
5.4129413948803	3.42855944927831
5.41346844808607	3.42821556591388
5.41399550129184	3.42787168254945
5.41452255449761	3.42752779918502
5.41504960770337	3.4271839158206
5.41557666090914	3.42684003245616
5.41610371411491	3.42649614909173
5.41663076732068	3.4261522657273
5.41715782052644	3.42580838236287
5.41768487373221	3.42546449899845
5.41821192693798	3.42512061563402
5.41873898014375	3.42477673226959
5.41926603334951	3.42443284890516
5.41979308655528	3.42408896554072
5.42032013976105	3.4237450821763
5.42084719296682	3.42340119881187
5.42137424617258	3.42305731544744
5.42190129937835	3.42271343208301
5.42242835258412	3.42236954871858
5.42295540578989	3.42202566535415
5.42348245899565	3.42168178198972
5.42400951220142	3.42133789862529
5.42453656540719	3.42099401526086
5.42506361861296	3.42065013189643
5.42559067181872	3.420306248532
5.42611772502449	3.41996236516757
5.42664477823026	3.41961848180314
5.42717183143603	3.41927459843871
5.42769888464179	3.41893071507428
5.42822593784756	3.41858683170985
5.42875299105333	3.41824294834542
5.4292800442591	3.41789906498099
5.42980709746486	3.41755518161656
5.43033415067063	3.41721129825213
5.4308612038764	3.4168674148877
5.43138825708217	3.41652353152327
5.43191531028794	3.41617964815884
5.4324423634937	3.41583576479441
5.43296941669947	3.41549188142998
5.43349646990524	3.41514799806555
5.43402352311101	3.41480411470112
5.43455057631677	3.41446023133669
5.43507762952254	3.41411634797226
5.43560468272831	3.41377246460783
5.43613173593408	3.4134285812434
5.43665878913984	3.41308469787897
5.43718584234561	3.41274081451454
5.43771289555138	3.41239693115011
5.43823994875715	3.41205304778568
5.43876700196291	3.41170916442125
5.43929405516868	3.41136528105682
5.43982110837445	3.41102139769239
5.44034816158022	3.41067751432796
5.44087521478598	3.41033363096353
5.44140226799175	3.4099897475991
5.44192932119752	3.40964586423467
5.44245637440329	3.40930198087024
5.44298342760905	3.40895809750581
5.44351048081482	3.40861421414138
5.44403753402059	3.40827033077695
5.44456458722636	3.40792644741252
5.44509164043212	3.40758256404809
5.44561869363789	3.40723868068366
5.44614574684366	3.40689479731923
5.44667280004943	3.4065509139548
5.44719985325519	3.40620703059037
5.44772690646096	3.40586314722594
5.44825395966673	3.40551926386151
5.4487810128725	3.40517538049708
5.44930806607826	3.40483149713265
5.44983511928403	3.40448761376822
5.4503621724898	3.40414373040379
5.45088922569557	3.40379984703936
5.45141627890134	3.40345596367493
5.4519433321071	3.4031120803105
5.45247038531287	3.40276819694607
5.45299743851864	3.40242431358164
5.45352449172441	3.40208043021721
5.45405154493017	3.40173654685278
5.45457859813594	3.40139266348835
5.45510565134171	3.40104878012392
5.45563270454748	3.40070489675949
5.45615975775324	3.40036101339506
5.45668681095901	3.40001713003063
5.45721386416478	3.3996732466662
5.45774091737055	3.39932936330177
5.45826797057631	3.39898547993734
5.45879502378208	3.39864159657291
5.45932207698785	3.39829771320848
5.45984913019362	3.39795382984405
5.46037618339938	3.39760994647962
5.46090323660515	3.39726606311519
5.46143028981092	3.39692217975076
5.46195734301669	3.39657829638633
5.46248439622245	3.3962344130219
5.46301144942822	3.39589052965747
5.46353850263399	3.39554664629304
5.46406555583976	3.39520276292861
5.46459260904552	3.39485887956418
5.46511966225129	3.39451499619975
5.46564671545706	3.39417111283532
5.46617376866283	3.39382722947089
5.46670082186859	3.39348334610646
5.46722787507436	3.39313946274203
5.46775492828013	3.3927955793776
5.4682819814859	3.39245169601317
5.46880903469166	3.39210781264874
5.46933608789743	3.39176392928431
5.4698631411032	3.39142004591988
5.47039019430897	3.39107616255545
5.47091724751473	3.39073227919102
5.4714443007205	3.39038839582659
5.47197135392627	3.39004451246216
5.47249840713204	3.38970062909773
5.47302546033781	3.3893567457333
5.47355251354357	3.38901286236887
5.47407956674934	3.38866897900444
5.47460661995511	3.38832509564001
5.47513367316088	3.38798121227558
5.47566072636664	3.38763732891115
5.47618777957241	3.38729344554672
5.47671483277818	3.38694956218229
5.47724188598395	3.38660567881786
5.47776893918971	3.38626179545343
5.47829599239548	3.385917912089
5.47882304560125	3.38557402872457
5.47935009880702	3.38523014536014
5.47987715201278	3.38488626199571
5.48040420521855	3.38454237863128
5.48093125842432	3.38419849526685
5.48145831163009	3.38385461190242
5.48198536483585	3.38351072853799
5.48251241804162	3.38316684517356
5.48303947124739	3.38282296180913
5.48356652445316	3.3824790784447
5.48409357765892	3.38213519508027
5.48462063086469	3.38179131171584
5.48514768407046	3.38144742835141
5.48567473727623	3.38110354498698
5.48620179048199	3.38075966162255
5.48672884368776	3.38041577825812
5.48725589689353	3.38007189489369
5.4877829500993	3.37972801152926
5.48831000330506	3.37938412816483
5.48883705651083	3.3790402448004
5.4893641097166	3.37869636143597
5.48989116292237	3.37835247807154
5.49041821612813	3.37800859470711
5.4909452693339	3.37766471134268
5.49147232253967	3.37732082797825
5.49199937574544	3.37697694461382
5.4925264289512	3.37663306124939
5.49305348215697	3.37628917788496
5.49358053536274	3.37594529452053
5.49410758856851	3.3756014111561
5.49463464177428	3.37525752779167
5.49516169498004	3.37491364442724
5.49568874818581	3.37456976106281
5.49621580139158	3.37422587769838
5.49674285459735	3.37388199433395
5.49726990780311	3.37353811096952
5.49779696100888	3.37319422760509
5.49832401421465	3.37285034424066
5.49885106742042	3.37250646087623
5.49937812062618	3.3721625775118
5.49990517383195	3.37181869414737
5.50043222703772	3.37147481078294
5.50095928024349	3.37113092741851
5.50148633344925	3.37078704405408
5.50201338665502	3.37044316068965
5.50254043986079	3.37009927732522
5.50306749306656	3.36975539396079
5.50359454627232	3.36941151059636
5.50412159947809	3.36906762723193
5.50464865268386	3.3687237438675
5.50517570588963	3.36837986050307
5.50570275909539	3.36803597713864
5.50622981230116	3.36769209377421
5.50675686550693	3.36734821040978
5.5072839187127	3.36700432704535
5.50781097191846	3.36666044368092
5.50833802512423	3.36631656031649
5.50886507833	3.36597267695206
5.50939213153577	3.36562879358763
5.50991918474153	3.3652849102232
5.5104462379473	3.36494102685877
5.51097329115307	3.36459714349434
5.51150034435884	3.36425326012991
5.5120273975646	3.36390937676548
5.51255445077037	3.36356549340105
5.51308150397614	3.36322161003662
5.51360855718191	3.36287772667219
5.51413561038767	3.36253384330776
5.51466266359344	3.36218995994333
5.51518971679921	3.3618460765789
5.51571677000498	3.36150219321447
5.51624382321075	3.36115830985004
5.51677087641651	3.36081442648561
5.51729792962228	3.36047054312118
5.51782498282805	3.36012665975675
5.51835203603382	3.35978277639232
5.51887908923958	3.35943889302789
5.51940614244535	3.35909500966346
5.51993319565112	3.35875112629903
5.52046024885689	3.3584072429346
5.52098730206265	3.35806335957017
5.52151435526842	3.35771947620574
5.52204140847419	3.35737559284131
5.52256846167996	3.35703170947688
5.52309551488572	3.35668782611245
5.52362256809149	3.35634394274802
5.52414962129726	3.35600005938359
5.52467667450303	3.35565617601916
5.52520372770879	3.35531229265473
5.52573078091456	3.3549684092903
5.52625783412033	3.35462452592587
5.5267848873261	3.35428064256144
5.52731194053186	3.35393675919701
5.52783899373763	3.35359287583258
5.5283660469434	3.35324899246815
5.52889310014917	3.35290510910372
5.52942015335493	3.35256122573929
5.5299472065607	3.35221734237486
5.53047425976647	3.35187345901043
5.53100131297224	3.351529575646
5.531528366178	3.35118569228157
5.53205541938377	3.35084180891714
5.53258247258954	3.35049792555272
5.53310952579531	3.35015404218828
5.53363657900107	3.34981015882385
5.53416363220684	3.34946627545942
5.53469068541261	3.34912239209499
5.53521773861838	3.34877850873057
5.53574479182414	3.34843462536614
5.53627184502991	3.34809074200171
5.53679889823568	3.34774685863727
5.53732595144145	3.34740297527284
5.53785300464721	3.34705909190842
5.53838005785298	3.34671520854399
5.53890711105875	3.34637132517956
5.53943416426452	3.34602744181513
5.53996121747029	3.3456835584507
5.54048827067605	3.34533967508627
5.54101532388182	3.34499579172184
5.54154237708759	3.34465190835741
5.54206943029336	3.34430802499298
5.54259648349912	3.34396414162855
5.54312353670489	3.34362025826412
5.54365058991066	3.34327637489969
5.54417764311643	3.34293249153526
5.54470469632219	3.34258860817083
5.54523174952796	3.3422447248064
5.54575880273373	3.34190084144197
5.5462858559395	3.34155695807754
5.54681290914526	3.34121307471311
5.54733996235103	3.34086919134868
5.5478670155568	3.34052530798425
5.54839406876257	3.34018142461982
5.54892112196833	3.33983754125539
5.5494481751741	3.33949365789096
5.54997522837987	3.33914977452653
5.55050228158564	3.3388058911621
5.5510293347914	3.33846200779767
5.55155638799717	3.33811812443324
5.55208344120294	3.33777424106881
5.55261049440871	3.33743035770438
5.55313754761447	3.33708647433995
5.55366460082024	3.33674259097552
5.55419165402601	3.33639870761109
5.55471870723178	3.33605482424666
5.55524576043754	3.33571094088223
5.55577281364331	3.3353670575178
5.55629986684908	3.33502317415337
5.55682692005485	3.33467929078894
5.55735397326061	3.33433540742451
5.55788102646638	3.33399152406008
5.55840807967215	3.33364764069565
5.55893513287792	3.33330375733122
5.55946218608368	3.33295987396679
5.55998923928945	3.33261599060236
5.56051629249522	3.33227210723793
5.56104334570099	3.3319282238735
5.56157039890676	3.33158434050907
5.56209745211252	3.33124045714464
5.56262450531829	3.33089657378021
5.56315155852406	3.33055269041578
5.56367861172983	3.33020880705135
5.56420566493559	3.32986492368692
5.56473271814136	3.32952104032249
5.56525977134713	3.32917715695806
5.5657868245529	3.32883327359363
5.56631387775866	3.3284893902292
5.56684093096443	3.32814550686477
5.5673679841702	3.32780162350034
5.56789503737597	3.32745774013591
5.56842209058173	3.32711385677148
5.5689491437875	3.32676997340705
5.56947619699327	3.32642609004262
5.57000325019904	3.32608220667819
5.5705303034048	3.32573832331376
5.57105735661057	3.32539443994933
5.57158440981634	3.3250505565849
5.57211146302211	3.32470667322047
5.57263851622787	3.32436278985604
5.57316556943364	3.32401890649161
5.57369262263941	3.32367502312718
5.57421967584518	3.32333113976275
5.57474672905094	3.32298725639832
5.57527378225671	3.32264337303389
5.57580083546248	3.32229948966946
5.57632788866825	3.32195560630503
5.57685494187401	3.3216117229406
5.57738199507978	3.32126783957617
5.57790904828555	3.32092395621174
5.57843610149132	3.32058007284731
5.57896315469708	3.32023618948288
5.57949020790285	3.31989230611845
5.58001726110862	3.31954842275402
5.58054431431439	3.31920453938959
5.58107136752015	3.31886065602516
5.58159842072592	3.31851677266073
5.58212547393169	3.3181728892963
5.58265252713746	3.31782900593187
5.58317958034323	3.31748512256744
5.58370663354899	3.31714123920301
5.58423368675476	3.31679735583858
5.58476073996053	3.31645347247415
5.5852877931663	3.31610958910972
5.58581484637206	3.31576570574529
5.58634189957783	3.31542182238086
5.5868689527836	3.31507793901643
5.58739600598937	3.314734055652
5.58792305919513	3.31439017228757
5.5884501124009	3.31404628892314
5.58897716560667	3.31370240555871
5.58950421881244	3.31335852219428
5.5900312720182	3.31301463882985
5.59055832522397	3.31267075546542
5.59108537842974	3.31232687210099
5.59161243163551	3.31198298873656
5.59213948484127	3.31163910537213
5.59266653804704	3.3112952220077
5.59319359125281	3.31095133864327
5.59372064445858	3.31060745527884
5.59424769766434	3.31026357191441
5.59477475087011	3.30991968854998
5.59530180407588	3.30957580518555
5.59582885728165	3.30923192182112
5.59635591048741	3.30888803845669
5.59688296369318	3.30854415509226
5.59741001689895	3.30820027172783
5.59793707010472	3.3078563883634
5.59846412331048	3.30751250499897
5.59899117651625	3.30716862163454
5.59951822972202	3.30682473827011
5.60004528292779	3.30648085490568
5.60057233613355	3.30613697154125
5.60109938933932	3.30579308817682
5.60162644254509	3.30544920481239
5.60215349575086	3.30510532144796
5.60268054895662	3.30476143808353
5.60320760216239	3.3044175547191
5.60373465536816	3.30407367135467
5.60426170857393	3.30372978799024
5.60478876177969	3.30338590462581
5.60531581498546	3.30304202126138
5.60584286819123	3.30269813789695
5.606369921397	3.30235425453252
5.60689697460277	3.30201037116809
5.60742402780853	3.30166648780366
5.6079510810143	3.30132260443923
5.60847813422007	3.3009787210748
5.60900518742584	3.30063483771037
5.6095322406316	3.30029095434594
5.61005929383737	3.29994707098151
5.61058634704314	3.29960318761708
5.61111340024891	3.29925930425265
5.61164045345467	3.29891542088822
5.61216750666044	3.29857153752379
5.61269455986621	3.29822765415936
5.61322161307198	3.29788377079493
5.61374866627774	3.2975398874305
5.61427571948351	3.29719600406607
5.61480277268928	3.29685212070164
5.61532982589505	3.29650823733721
5.61585687910081	3.29616435397278
5.61638393230658	3.29582047060835
5.61691098551235	3.29547658724392
5.61743803871812	3.29513270387949
5.61796509192388	3.29478882051506
5.61849214512965	3.29444493715063
5.61901919833542	3.2941010537862
5.61954625154119	3.29375717042177
5.62007330474695	3.29341328705734
5.62060035795272	3.29306940369291
5.62112741115849	3.29272552032848
5.62165446436426	3.29238163696405
5.62218151757002	3.29203775359962
5.62270857077579	3.29169387023519
5.62323562398156	3.29134998687076
5.62376267718733	3.29100610350633
5.62428973039309	3.2906622201419
5.62481678359886	3.29031833677747
5.62534383680463	3.28997445341304
5.6258708900104	3.28963057004861
5.62639794321616	3.28928668668418
5.62692499642193	3.28894280331975
5.6274520496277	3.28859891995532
5.62797910283347	3.28825503659089
5.62850615603924	3.28791115322646
5.629033209245	3.28756726986203
5.62956026245077	3.2872233864976
5.63008731565654	3.28687950313317
5.63061436886231	3.28653561976874
5.63114142206807	3.28619173640431
5.63166847527384	3.28584785303988
5.63219552847961	3.28550396967545
5.63272258168538	3.28516008631102
5.63324963489114	3.28481620294659
5.63377668809691	3.28447231958216
5.63430374130268	3.28412843621773
5.63483079450845	3.2837845528533
5.63535784771421	3.28344066948887
5.63588490091998	3.28309678612444
5.63641195412575	3.28275290276001
5.63693900733152	3.28240901939558
5.63746606053728	3.28206513603115
5.63799311374305	3.28172125266672
5.63852016694882	3.28137736930229
5.63904722015459	3.28103348593786
5.63957427336035	3.28068960257343
5.64010132656612	3.280345719209
5.64062837977189	3.28000183584457
5.64115543297766	3.27965795248014
5.64168248618342	3.27931406911571
5.64220953938919	3.27897018575128
5.64273659259496	3.27862630238685
5.64326364580073	3.27828241902242
5.64379069900649	3.27793853565799
5.64431775221226	3.27759465229356
5.64484480541803	3.27725076892913
5.6453718586238	3.2769068855647
5.64589891182956	3.27656300220027
5.64642596503533	3.27621911883584
5.6469530182411	3.27587523547141
5.64748007144687	3.27553135210698
5.64800712465263	3.27518746874255
5.6485341778584	3.27484358537812
5.64906123106417	3.27449970201369
5.64958828426994	3.27415581864926
5.65011533747571	3.27381193528483
5.65064239068147	3.2734680519204
5.65116944388724	3.27312416855597
5.65169649709301	3.27278028519154
5.65222355029878	3.27243640182711
5.65275060350454	3.27209251846268
5.65327765671031	3.27174863509826
5.65380470991608	3.27140475173382
5.65433176312185	3.27106086836939
5.65485881632761	3.27071698500496
5.65538586953338	3.27037310164053
5.65591292273915	3.27002921827611
5.65643997594492	3.26968533491168
5.65696702915068	3.26934145154725
5.65749408235645	3.26899756818282
5.65802113556222	3.26865368481839
5.65854818876799	3.26830980145396
5.65907524197375	3.26796591808953
5.65960229517952	3.2676220347251
5.66012934838529	3.26727815136067
5.66065640159106	3.26693426799624
5.66118345479682	3.26659038463181
5.66171050800259	3.26624650126738
5.66223756120836	3.26590261790295
5.66276461441413	3.26555873453852
5.66329166761989	3.26521485117409
5.66381872082566	3.26487096780966
5.66434577403143	3.26452708444523
5.6648728272372	3.2641832010808
5.66539988044296	3.26383931771637
5.66592693364873	3.26349543435194
5.6664539868545	3.26315155098751
5.66698104006027	3.26280766762308
5.66750809326603	3.26246378425865
5.6680351464718	3.26211990089422
5.66856219967757	3.26177601752979
5.66908925288334	3.26143213416536
5.6696163060891	3.26108825080093
5.67014335929487	3.2607443674365
5.67067041250064	3.26040048407207
5.67119746570641	3.26005660070764
5.67172451891217	3.25971271734321
5.67225157211794	3.25936883397878
5.67277862532371	3.25902495061435
5.67330567852948	3.25868106724992
5.67383273173525	3.25833718388549
5.67435978494101	3.25799330052106
5.67488683814678	3.25764941715663
5.67541389135255	3.2573055337922
5.67594094455832	3.25696165042777
5.67646799776408	3.25661776706334
5.67699505096985	3.25627388369891
5.67752210417562	3.25593000033448
5.67804915738139	3.25558611697005
5.67857621058715	3.25524223360562
5.67910326379292	3.25489835024119
5.67963031699869	3.25455446687676
5.68015737020446	3.25421058351233
5.68068442341022	3.2538667001479
