60	5.42E-11	7.514E-10	1.2188E-9	1.8332E-9	2.9034E-9	3.9133E-9	6.5369E-9	1.10887E-8	1.24648E-8	1.49734E-8	2.01831E-8	2.15756E-8	2.50042E-8	2.93319E-8	3.303E-8	3.62185E-8
59.5	4.92E-11	6.68E-10	1.086E-9	1.7172E-9	2.6551E-9	3.5068E-9	5.8954E-9	1.02998E-8	1.11095E-8	1.37006E-8	1.83219E-8	1.93958E-8	2.25694E-8	2.70547E-8	2.93223E-8	3.11534E-8
59	4.42E-11	6.274E-10	1.0381E-9	1.6139E-9	2.4932E-9	3.296E-9	5.7431E-9	1.01174E-8	1.04725E-8	1.29101E-8	1.67357E-8	1.8094E-8	2.04432E-8	2.49743E-8	2.71228E-8	2.83324E-8
58.5	4.01E-11	5.878E-10	9.688E-10	1.5362E-9	2.3592E-9	3.133E-9	5.419E-9	9.5258E-9	9.7936E-9	1.21614E-8	1.57143E-8	1.66685E-8	1.90512E-8	2.39684E-8	2.5002E-8	2.5874E-8
58	3.73E-11	5.603E-10	8.898E-10	1.4755E-9	2.3259E-9	3.0857E-9	5.3084E-9	8.9372E-9	9.4238E-9	1.16006E-8	1.51702E-8	1.55135E-8	1.78588E-8	2.26841E-8	2.35978E-8	2.42166E-8
57.5	3.51E-11	4.948E-10	8.698E-10	1.4132E-9	2.2101E-9	2.939E-9	5.1058E-9	8.8824E-9	8.9207E-9	1.10762E-8	1.44457E-8	1.52144E-8	1.65222E-8	2.09802E-8	2.21376E-8	2.22951E-8
57	3.27E-11	4.898E-10	8.159E-10	1.2928E-9	2.1062E-9	2.7307E-9	4.8763E-9	8.3233E-9	7.9729E-9	1.06084E-8	1.39902E-8	1.44804E-8	1.57977E-8	1.93757E-8	2.08622E-8	2.07828E-8
56.5	3.15E-11	4.708E-10	7.966E-10	1.2315E-9	2.0748E-9	2.6589E-9	4.5846E-9	7.8167E-9	7.6432E-9	1.00947E-8	1.36605E-8	1.38727E-8	1.52502E-8	1.84642E-8	1.96321E-8	1.96751E-8
56	2.95E-11	4.408E-10	7.632E-10	1.1513E-9	1.9437E-9	2.5549E-9	4.4067E-9	7.5272E-9	7.1901E-9	9.918E-9	1.30518E-8	1.32463E-8	1.42046E-8	1.7515E-8	1.8495E-8	1.8339E-8
55.5	2.65E-11	4.213E-10	7.116E-10	1.1359E-9	1.7667E-9	2.5493E-9	4.2222E-9	7.3186E-9	6.8764E-9	9.5547E-9	1.22419E-8	1.26851E-8	1.33012E-8	1.64079E-8	1.76705E-8	1.68557E-8
55	2.4E-11	3.879E-10	6.969E-10	1.101E-9	1.7596E-9	2.4511E-9	4.1166E-9	7.0208E-9	6.5741E-9	9.1805E-9	1.21094E-8	1.2009E-8	1.27136E-8	1.56891E-8	1.68671E-8	1.59646E-8
54.5	2.15E-11	3.77E-10	6.555E-10	1.0346E-9	1.641E-9	2.313E-9	4.0306E-9	6.7327E-9	6.2365E-9	8.7959E-9	1.16085E-8	1.12274E-8	1.20444E-8	1.4996E-8	1.6288E-8	1.46611E-8
54	1.95E-11	3.584E-10	6.228E-10	9.689E-10	1.5716E-9	2.2118E-9	3.8977E-9	6.4214E-9	6.3615E-9	8.4469E-9	1.12755E-8	1.05436E-8	1.14419E-8	1.41059E-8	1.54927E-8	1.37306E-8
53.5	1.75E-11	3.291E-10	6.315E-10	9.242E-10	1.5439E-9	2.1129E-9	3.6422E-9	6.0751E-9	6.2126E-9	7.9821E-9	1.06112E-8	1.03234E-8	1.09015E-8	1.36332E-8	1.44505E-8	1.27547E-8
53	1.56E-11	3.197E-10	6.194E-10	8.737E-10	1.4563E-9	2.0935E-9	3.4735E-9	5.7591E-9	5.8884E-9	7.8152E-9	1.01466E-8	1.00475E-8	1.04394E-8	1.29345E-8	1.35841E-8	1.21094E-8
52.5	1.37E-11	3.003E-10	6.051E-10	8.362E-10	1.4123E-9	2.0211E-9	3.2676E-9	5.6377E-9	5.5998E-9	7.4452E-9	9.7469E-9	9.7097E-9	1.00417E-8	1.24506E-8	1.27757E-8	1.14601E-8
52	1.23E-11	2.785E-10	5.611E-10	8.26E-10	1.317E-9	1.9172E-9	3.1495E-9	5.4045E-9	5.4725E-9	7.0543E-9	9.4513E-9	9.2876E-9	9.546E-9	1.17847E-8	1.20298E-8	1.06736E-8
51.5	1.16E-11	2.647E-10	5.227E-10	8.296E-10	1.2608E-9	1.8761E-9	3.1309E-9	5.1629E-9	5.2715E-9	6.8322E-9	8.8747E-9	8.9564E-9	9.1837E-9	1.13148E-8	1.16809E-8	1.02111E-8
51	1.12E-11	2.504E-10	4.94E-10	7.782E-10	1.2247E-9	1.8338E-9	3.02E-9	4.9284E-9	5.1158E-9	6.5854E-9	8.5725E-9	8.3495E-9	8.7183E-9	1.08472E-8	1.12061E-8	9.7877E-9
50.5	9.5E-12	2.383E-10	4.893E-10	7.376E-10	1.159E-9	1.7461E-9	2.8871E-9	4.7598E-9	4.8585E-9	6.347E-9	8.2E-9	7.8572E-9	8.4476E-9	1.03939E-8	1.05891E-8	9.2521E-9
50	8.8E-12	2.292E-10	4.683E-10	7.252E-10	1.0884E-9	1.6776E-9	2.7865E-9	4.5081E-9	4.712E-9	6.1484E-9	8.3328E-9	7.5921E-9	8.1044E-9	9.774E-9	1.02514E-8	8.8316E-9
49.5	7.9E-12	2.182E-10	4.307E-10	6.806E-10	1.0219E-9	1.589E-9	2.5635E-9	4.2262E-9	4.4503E-9	5.9151E-9	7.8707E-9	7.3814E-9	7.7635E-9	9.3447E-9	9.7881E-9	8.4405E-9
49	6.3E-12	2.057E-10	3.924E-10	6.468E-10	9.756E-10	1.4856E-9	2.5073E-9	3.9428E-9	4.3001E-9	5.5694E-9	7.48E-9	7.0741E-9	7.2882E-9	8.9008E-9	9.3046E-9	7.8282E-9
48.5	5.4E-12	2.019E-10	3.807E-10	6.12E-10	9.464E-10	1.403E-9	2.3736E-9	3.7276E-9	4.1873E-9	5.2543E-9	7.176E-9	6.7753E-9	6.9171E-9	8.5944E-9	8.716E-9	7.4799E-9
48	4.6E-12	1.922E-10	3.837E-10	5.83E-10	9.142E-10	1.2881E-9	2.3004E-9	3.5885E-9	4.1373E-9	5.0796E-9	6.8894E-9	6.299E-9	6.7369E-9	8.2205E-9	8.2681E-9	7.2531E-9
47.5	4.2E-12	1.801E-10	3.557E-10	5.788E-10	8.802E-10	1.2607E-9	2.1933E-9	3.3802E-9	3.946E-9	4.9167E-9	6.4851E-9	6.0611E-9	6.3234E-9	7.8757E-9	7.8672E-9	6.8737E-9
47	3.1E-12	1.672E-10	3.187E-10	5.361E-10	8.339E-10	1.2218E-9	2.1164E-9	3.1996E-9	3.6514E-9	4.7046E-9	6.4194E-9	5.7124E-9	6.0016E-9	7.4724E-9	7.5565E-9	6.7356E-9
46.5	2.7E-12	1.622E-10	2.714E-10	5.263E-10	7.952E-10	1.1904E-9	2.0458E-9	3.0336E-9	3.4482E-9	4.4734E-9	6.0575E-9	5.4022E-9	5.7488E-9	7.1403E-9	7.2352E-9	6.0982E-9
46	2.4E-12	1.533E-10	2.599E-10	4.956E-10	7.537E-10	1.1556E-9	1.9773E-9	2.8562E-9	3.3191E-9	4.3449E-9	5.7658E-9	5.2351E-9	5.461E-9	6.7539E-9	6.8772E-9	5.6873E-9
45.5	1.9E-12	1.487E-10	2.446E-10	4.614E-10	7.188E-10	1.0678E-9	1.9312E-9	2.6829E-9	3.2183E-9	4.1865E-9	5.4679E-9	5.0533E-9	5.1766E-9	6.3193E-9	6.5287E-9	5.479E-9
45	1.7E-12	1.351E-10	2.289E-10	4.354E-10	6.851E-10	1.0392E-9	1.8277E-9	2.5859E-9	3.0619E-9	4.1017E-9	5.2636E-9	4.8719E-9	4.863E-9	5.8634E-9	6.2304E-9	5.2206E-9
44.5	1.4E-12	1.302E-10	2.184E-10	4.206E-10	6.575E-10	9.881E-10	1.8163E-9	2.4589E-9	2.9206E-9	3.8843E-9	5.1E-9	4.5984E-9	4.755E-9	5.5603E-9	5.7992E-9	4.851E-9
44	1.1E-12	1.239E-10	2.14E-10	4.119E-10	6.218E-10	9.395E-10	1.6973E-9	2.3975E-9	2.7712E-9	3.7342E-9	4.8372E-9	4.3338E-9	4.4259E-9	5.4657E-9	5.5553E-9	4.6127E-9
43.5	7E-13	1.161E-10	1.952E-10	3.901E-10	5.855E-10	9.108E-10	1.6269E-9	2.2076E-9	2.6577E-9	3.5989E-9	4.8009E-9	4.1358E-9	4.2376E-9	5.1635E-9	5.3036E-9	4.3362E-9
43	1E-13	1.102E-10	1.827E-10	3.572E-10	5.44E-10	8.832E-10	1.5674E-9	2.1166E-9	2.5961E-9	3.3941E-9	4.5649E-9	4.0571E-9	4.0397E-9	4.9066E-9	5.0235E-9	4.1014E-9
42.5	1E-13	1.069E-10	1.704E-10	3.351E-10	5.198E-10	8.596E-10	1.4953E-9	1.9926E-9	2.4983E-9	3.3056E-9	4.4468E-9	3.7337E-9	3.8487E-9	4.609E-9	4.6409E-9	3.8677E-9
42	3E-13	9.79E-11	1.598E-10	3.228E-10	4.937E-10	8.294E-10	1.4469E-9	1.8787E-9	2.4065E-9	3.1301E-9	4.1707E-9	3.5333E-9	3.7287E-9	4.3285E-9	4.3923E-9	3.7866E-9
41.5	6E-13	8.67E-11	1.462E-10	3.031E-10	4.651E-10	8.051E-10	1.377E-9	1.7918E-9	2.308E-9	2.9894E-9	4.0231E-9	3.3917E-9	3.5787E-9	4.1908E-9	4.1877E-9	3.6951E-9
41	1.2E-12	8.06E-11	1.409E-10	2.927E-10	4.383E-10	7.72E-10	1.3142E-9	1.664E-9	2.2083E-9	2.8528E-9	3.8643E-9	3.2583E-9	3.3006E-9	3.9796E-9	4.0505E-9	3.3676E-9
40.5	1.6E-12	7.55E-11	1.34E-10	2.822E-10	4.287E-10	7.203E-10	1.2436E-9	1.544E-9	2.1539E-9	2.7039E-9	3.5996E-9	3.1307E-9	3.1661E-9	3.838E-9	3.8796E-9	3.1799E-9
40	1.8E-12	7.16E-11	1.281E-10	2.741E-10	4.051E-10	6.729E-10	1.1755E-9	1.5221E-9	2.0508E-9	2.6113E-9	3.4556E-9	2.9268E-9	2.9442E-9	3.6035E-9	3.6816E-9	2.9973E-9
39.5	1.8E-12	6.45E-11	1.2E-10	2.54E-10	3.911E-10	6.391E-10	1.0852E-9	1.3876E-9	1.9021E-9	2.4695E-9	3.2943E-9	2.7591E-9	2.7545E-9	3.3585E-9	3.5902E-9	2.8513E-9
39	1.9E-12	6.08E-11	1.157E-10	2.398E-10	3.72E-10	6.129E-10	1.0444E-9	1.3159E-9	1.8181E-9	2.3234E-9	3.172E-9	2.6649E-9	2.585E-9	3.173E-9	3.381E-9	2.6604E-9
38.5	2E-12	5.61E-11	1.099E-10	2.174E-10	3.442E-10	5.713E-10	1.0082E-9	1.2371E-9	1.7347E-9	2.2484E-9	3.031E-9	2.5522E-9	2.4728E-9	3.0473E-9	3.1971E-9	2.4795E-9
38	2.2E-12	5.39E-11	1.052E-10	2.136E-10	3.31E-10	5.289E-10	9.354E-10	1.1431E-9	1.6813E-9	2.1143E-9	2.8474E-9	2.4614E-9	2.3223E-9	2.8368E-9	2.9374E-9	2.2702E-9
37.5	2.5E-12	4.92E-11	1.013E-10	2.026E-10	3.143E-10	5.064E-10	8.677E-10	1.0797E-9	1.6554E-9	2.019E-9	2.7756E-9	2.3259E-9	2.28E-9	2.717E-9	2.821E-9	2.1864E-9
37	2.8E-12	4.44E-11	9.39E-11	1.939E-10	3.015E-10	4.758E-10	8.394E-10	1.0194E-9	1.6241E-9	1.921E-9	2.6739E-9	2.2513E-9	2.1319E-9	2.6436E-9	2.6533E-9	2.0554E-9
36.5	2.8E-12	4.37E-11	9.25E-11	1.848E-10	2.818E-10	4.507E-10	8.03E-10	9.478E-10	1.5229E-9	1.8272E-9	2.6095E-9	2.1468E-9	2.0273E-9	2.4319E-9	2.503E-9	1.9956E-9
36	3E-12	3.96E-11	8.87E-11	1.754E-10	2.596E-10	4.271E-10	7.636E-10	9.089E-10	1.4568E-9	1.7791E-9	2.4926E-9	2.0637E-9	1.8793E-9	2.265E-9	2.3813E-9	1.8552E-9
35.5	3.4E-12	3.75E-11	8.33E-11	1.553E-10	2.556E-10	4.089E-10	7.182E-10	8.342E-10	1.3843E-9	1.7165E-9	2.316E-9	1.9178E-9	1.7927E-9	2.0879E-9	2.1721E-9	1.7788E-9
35	3.2E-12	3.51E-11	8.02E-11	1.474E-10	2.342E-10	3.99E-10	6.962E-10	7.69E-10	1.3185E-9	1.6344E-9	2.2182E-9	1.8064E-9	1.6948E-9	2.0551E-9	2.0571E-9	1.6515E-9
34.5	3.3E-12	3.26E-11	7.37E-11	1.431E-10	2.149E-10	3.764E-10	6.473E-10	6.972E-10	1.2484E-9	1.5605E-9	2.1698E-9	1.7192E-9	1.6189E-9	1.9416E-9	1.9473E-9	1.5078E-9
34	3E-12	3.16E-11	7.05E-11	1.347E-10	2.043E-10	3.679E-10	6.23E-10	6.846E-10	1.1735E-9	1.4792E-9	2.0765E-9	1.5992E-9	1.5006E-9	1.7654E-9	1.8764E-9	1.4323E-9
33.5	3E-12	2.91E-11	6.69E-11	1.273E-10	1.897E-10	3.489E-10	5.834E-10	6.524E-10	1.1103E-9	1.4376E-9	1.9914E-9	1.5346E-9	1.4392E-9	1.7188E-9	1.7552E-9	1.3654E-9
33	2.7E-12	2.74E-11	6.41E-11	1.194E-10	1.84E-10	3.324E-10	5.562E-10	5.929E-10	1.0664E-9	1.3537E-9	1.914E-9	1.4274E-9	1.377E-9	1.6134E-9	1.6624E-9	1.2366E-9
32.5	2.9E-12	2.51E-11	6.12E-11	1.073E-10	1.752E-10	3.131E-10	5.175E-10	5.484E-10	1.0442E-9	1.2986E-9	1.794E-9	1.3961E-9	1.2876E-9	1.5228E-9	1.5504E-9	1.1912E-9
32	3.2E-12	2.37E-11	5.54E-11	1.061E-10	1.631E-10	2.995E-10	4.908E-10	5.111E-10	9.86E-10	1.2332E-9	1.6997E-9	1.3098E-9	1.2212E-9	1.4843E-9	1.4539E-9	1.1124E-9
31.5	3.3E-12	2.2E-11	5.3E-11	9.77E-11	1.556E-10	2.853E-10	4.587E-10	4.88E-10	9.585E-10	1.1798E-9	1.6621E-9	1.2321E-9	1.1755E-9	1.3906E-9	1.388E-9	1.0288E-9
31	3.4E-12	2E-11	5.02E-11	9.04E-11	1.439E-10	2.674E-10	4.328E-10	4.64E-10	8.914E-10	1.1276E-9	1.5691E-9	1.182E-9	1.088E-9	1.3274E-9	1.3176E-9	9.82E-10
30.5	3.8E-12	1.89E-11	4.62E-11	8.66E-11	1.327E-10	2.572E-10	3.985E-10	4.338E-10	8.429E-10	1.069E-9	1.4797E-9	1.1224E-9	1.0358E-9	1.2452E-9	1.2428E-9	9.417E-10
30	3.6E-12	1.65E-11	4.39E-11	7.81E-11	1.228E-10	2.371E-10	3.794E-10	4.01E-10	8.152E-10	1.02E-9	1.4496E-9	1.0444E-9	9.597E-10	1.1788E-9	1.1801E-9	8.752E-10
29.5	3.8E-12	1.44E-11	3.93E-11	7.34E-11	1.153E-10	2.196E-10	3.588E-10	3.707E-10	7.643E-10	9.693E-10	1.3653E-9	9.893E-10	8.949E-10	1.0845E-9	1.09E-9	8.107E-10
29	3.9E-12	1.32E-11	3.63E-11	6.87E-11	1.061E-10	2.052E-10	3.614E-10	3.524E-10	7.099E-10	9.173E-10	1.3509E-9	9.219E-10	8.388E-10	1.0557E-9	1.0402E-9	7.482E-10
28.5	3.6E-12	1.2E-11	3.36E-11	6.51E-11	9.73E-11	1.906E-10	3.307E-10	3.381E-10	6.785E-10	8.746E-10	1.2041E-9	9.025E-10	7.721E-10	9.522E-10	9.83E-10	7.008E-10
28	3.4E-12	1.09E-11	3.07E-11	6.24E-11	9.02E-11	1.782E-10	3.123E-10	3.161E-10	6.396E-10	8.171E-10	1.1388E-9	8.415E-10	7.25E-10	9.15E-10	9.445E-10	6.809E-10
27.5	3.7E-12	9.4E-12	2.83E-11	5.79E-11	8.52E-11	1.684E-10	2.944E-10	2.902E-10	6.05E-10	7.795E-10	1.0827E-9	7.694E-10	6.8E-10	8.57E-10	8.727E-10	6.333E-10
27	3.5E-12	8.8E-12	2.6E-11	5.34E-11	7.94E-11	1.564E-10	2.677E-10	2.663E-10	5.745E-10	7.456E-10	1.0335E-9	7.248E-10	6.592E-10	8.126E-10	7.958E-10	6.05E-10
26.5	3.6E-12	7.9E-12	2.37E-11	4.92E-11	7.5E-11	1.472E-10	2.461E-10	2.448E-10	5.45E-10	6.924E-10	9.961E-10	6.902E-10	6.112E-10	7.848E-10	7.526E-10	5.668E-10
26	3.4E-12	7.4E-12	2.2E-11	4.59E-11	6.86E-11	1.436E-10	2.315E-10	2.273E-10	5.148E-10	6.544E-10	9.571E-10	6.67E-10	5.834E-10	7.313E-10	7.106E-10	5.118E-10
25.5	3.3E-12	6E-12	1.95E-11	4.18E-11	6.68E-11	1.381E-10	2.204E-10	2.099E-10	4.824E-10	6.383E-10	8.905E-10	6.213E-10	5.3E-10	6.996E-10	6.96E-10	4.663E-10
25	3.4E-12	5.3E-12	1.96E-11	3.73E-11	5.97E-11	1.321E-10	2.012E-10	1.937E-10	4.782E-10	5.898E-10	8.317E-10	5.815E-10	4.9E-10	6.761E-10	6.662E-10	4.426E-10
24.5	3.8E-12	4.4E-12	1.74E-11	3.67E-11	5.82E-11	1.111E-10	1.831E-10	1.782E-10	4.545E-10	5.631E-10	7.759E-10	5.641E-10	4.483E-10	6.431E-10	6.021E-10	4.196E-10
24	4.1E-12	3.8E-12	1.65E-11	3.26E-11	5.37E-11	1.029E-10	1.642E-10	1.613E-10	4.222E-10	5.25E-10	7.578E-10	5.111E-10	4.167E-10	5.989E-10	5.431E-10	3.94E-10
23.5	3.9E-12	2.6E-12	1.44E-11	2.84E-11	4.93E-11	9.69E-11	1.516E-10	1.514E-10	3.909E-10	4.836E-10	7.071E-10	4.688E-10	4.004E-10	5.608E-10	5.058E-10	3.64E-10
23	4E-12	2E-12	1.2E-11	2.62E-11	4.69E-11	8.75E-11	1.4E-10	1.388E-10	3.652E-10	4.728E-10	6.603E-10	4.528E-10	3.774E-10	5.334E-10	4.885E-10	3.253E-10
22.5	3.9E-12	1.4E-12	1.05E-11	2.39E-11	4.32E-11	8E-11	1.314E-10	1.264E-10	3.495E-10	4.51E-10	6.225E-10	4.224E-10	3.501E-10	4.867E-10	4.694E-10	3.109E-10
22	3.9E-12	8E-13	9E-12	2.09E-11	4E-11	7.21E-11	1.212E-10	1.111E-10	3.309E-10	4.365E-10	5.838E-10	4.087E-10	3.386E-10	4.66E-10	4.236E-10	3.043E-10
21.5	3.8E-12	7E-13	8.3E-12	1.84E-11	3.79E-11	6.68E-11	1.116E-10	1.008E-10	3.152E-10	4.212E-10	5.541E-10	3.856E-10	3.153E-10	4.393E-10	3.986E-10	2.712E-10
21	3.4E-12	6E-13	6.8E-12	1.69E-11	3.52E-11	6.11E-11	1.006E-10	9.15E-11	2.975E-10	3.932E-10	5.192E-10	3.586E-10	2.936E-10	4.002E-10	3.717E-10	2.597E-10
20.5	3.1E-12	1E-13	5.6E-12	1.53E-11	3.37E-11	5.59E-11	9.12E-11	8.44E-11	2.822E-10	3.599E-10	4.909E-10	3.362E-10	2.789E-10	3.758E-10	3.439E-10	2.347E-10
20	3.2E-12	1E-13	6E-12	1.43E-11	3.04E-11	5.2E-11	8.49E-11	7.53E-11	2.613E-10	3.388E-10	4.561E-10	3.163E-10	2.659E-10	3.446E-10	3.28E-10	2.154E-10
19.5	3.2E-12	1E-13	5.1E-12	1.23E-11	2.79E-11	4.6E-11	7.66E-11	6.93E-11	2.38E-10	3.253E-10	4.307E-10	3.062E-10	2.444E-10	3.174E-10	2.981E-10	2.154E-10
19	3.1E-12	5E-13	3.9E-12	1.11E-11	2.64E-11	4.34E-11	7.02E-11	6.42E-11	2.219E-10	3.009E-10	4.064E-10	2.829E-10	2.265E-10	2.991E-10	2.849E-10	1.977E-10
18.5	3.6E-12	8E-13	3.6E-12	9.7E-12	2.38E-11	4.04E-11	6.35E-11	5.77E-11	2.133E-10	2.891E-10	3.774E-10	2.635E-10	2.081E-10	2.855E-10	2.663E-10	1.843E-10
18	3.6E-12	1.2E-12	3E-12	7.8E-12	2.1E-11	3.78E-11	5.67E-11	5.35E-11	1.967E-10	2.661E-10	3.543E-10	2.421E-10	1.893E-10	2.611E-10	2.477E-10	1.7E-10
17.5	3.7E-12	9E-13	2.1E-12	6.9E-12	1.74E-11	3.42E-11	5.05E-11	5.03E-11	1.795E-10	2.533E-10	3.383E-10	2.247E-10	1.741E-10	2.386E-10	2.309E-10	1.45E-10
17	3.9E-12	2E-12	1.4E-12	5.8E-12	1.58E-11	2.91E-11	4.45E-11	4.56E-11	1.685E-10	2.372E-10	3.18E-10	2.186E-10	1.625E-10	2.223E-10	2.221E-10	1.363E-10
16.5	3.7E-12	1.8E-12	4E-13	5E-12	1.36E-11	2.69E-11	4.17E-11	3.93E-11	1.571E-10	2.217E-10	3.092E-10	2.006E-10	1.511E-10	2.021E-10	2.046E-10	1.238E-10
16	3.7E-12	1.9E-12	1E-13	4.1E-12	1.21E-11	2.4E-11	3.83E-11	3.51E-11	1.488E-10	2.014E-10	2.821E-10	1.92E-10	1.392E-10	1.965E-10	1.907E-10	1.162E-10
15.5	3.7E-12	1.9E-12	5E-13	2.9E-12	1.12E-11	2.2E-11	3.39E-11	3.29E-11	1.37E-10	1.881E-10	2.652E-10	1.858E-10	1.284E-10	1.87E-10	1.774E-10	1.096E-10
15	3.4E-12	2.1E-12	8E-13	2.2E-12	9.6E-12	1.86E-11	2.98E-11	3.02E-11	1.262E-10	1.774E-10	2.401E-10	1.736E-10	1.194E-10	1.759E-10	1.597E-10	1.027E-10
14.5	3.4E-12	2.1E-12	1.2E-12	1.8E-12	1.02E-11	1.77E-11	2.59E-11	2.82E-11	1.131E-10	1.67E-10	2.282E-10	1.641E-10	1.087E-10	1.66E-10	1.513E-10	9.44E-11
14	3.2E-12	2.5E-12	1E-12	1.4E-12	8.4E-12	1.6E-11	2.3E-11	2.54E-11	1.076E-10	1.56E-10	2.092E-10	1.502E-10	1.007E-10	1.509E-10	1.405E-10	8.61E-11
13.5	3.2E-12	2.6E-12	1.1E-12	8E-13	7.9E-12	1.37E-11	2.03E-11	2.27E-11	9.61E-11	1.444E-10	1.969E-10	1.366E-10	9.3E-11	1.395E-10	1.319E-10	8.05E-11
13	3.6E-12	2.6E-12	1.1E-12	2E-13	6E-12	1.17E-11	1.79E-11	1.93E-11	8.78E-11	1.318E-10	1.857E-10	1.279E-10	8.54E-11	1.3E-10	1.216E-10	6.94E-11
12.5	3.3E-12	2.5E-12	1.3E-12	1E-13	4.1E-12	1E-11	1.58E-11	1.68E-11	8.28E-11	1.236E-10	1.643E-10	1.263E-10	8.04E-11	1.172E-10	1.141E-10	6.6E-11
12	3.5E-12	3.3E-12	1.1E-12	1E-13	3.4E-12	8.5E-12	1.42E-11	1.48E-11	7.9E-11	1.103E-10	1.576E-10	1.195E-10	7.73E-11	1.109E-10	1.06E-10	5.88E-11
11.5	3.2E-12	3.2E-12	1.2E-12	7E-13	2.4E-12	7.7E-12	1.27E-11	1.23E-11	7.36E-11	1.029E-10	1.486E-10	1.064E-10	6.81E-11	1.043E-10	9.64E-11	5.21E-11
11	4.1E-12	3.5E-12	1.6E-12	6E-13	5E-13	6.5E-12	1.1E-11	1.05E-11	6.63E-11	9.68E-11	1.352E-10	9.84E-11	6.38E-11	9.16E-11	8.61E-11	4.7E-11
10.5	3.8E-12	2.7E-12	1.8E-12	1.1E-12	2E-13	5.3E-12	9.2E-12	9E-12	6.05E-11	8.98E-11	1.255E-10	9.34E-11	5.93E-11	8.66E-11	8.02E-11	4.32E-11
10	3.7E-12	2.8E-12	2.6E-12	1.4E-12	5E-13	4.2E-12	8.4E-12	7.4E-12	5.55E-11	8.28E-11	1.154E-10	8.54E-11	5.29E-11	7.7E-11	7.54E-11	3.89E-11
9.5	3.8E-12	2.8E-12	2.9E-12	1.8E-12	4E-13	3.6E-12	7.1E-12	6.3E-12	5E-11	7.7E-11	1.093E-10	7.94E-11	4.94E-11	6.93E-11	6.83E-11	3.41E-11
9	3.9E-12	2.8E-12	3E-12	2.2E-12	3E-13	2.7E-12	6.1E-12	4.6E-12	4.74E-11	7.11E-11	1.024E-10	7.71E-11	4.56E-11	6.47E-11	6.31E-11	3.39E-11
8.5	3.9E-12	3.1E-12	3.2E-12	2.3E-12	4E-13	2.7E-12	4.7E-12	3.7E-12	4.47E-11	6.27E-11	9.63E-11	6.91E-11	4.17E-11	6.09E-11	5.79E-11	3.07E-11
8	3.8E-12	3.2E-12	3.3E-12	2.8E-12	1E-12	1.9E-12	4E-12	3.7E-12	4.02E-11	5.91E-11	8.84E-11	6.28E-11	3.89E-11	5.58E-11	5.48E-11	2.81E-11
7.5	3.2E-12	3.1E-12	3.3E-12	3E-12	1.2E-12	1.1E-12	2.9E-12	2.4E-12	3.68E-11	5.41E-11	8.12E-11	5.78E-11	3.45E-11	5.23E-11	4.91E-11	2.56E-11
7	3.2E-12	3.3E-12	2.9E-12	3.1E-12	1.8E-12	9E-13	2.4E-12	2E-12	3.3E-11	4.97E-11	7.41E-11	5.33E-11	3.28E-11	5.04E-11	4.5E-11	2.36E-11
6.5	3.1E-12	3.3E-12	2.4E-12	3.3E-12	1.8E-12	2E-13	1.3E-12	2.4E-12	3.03E-11	4.71E-11	7.21E-11	5.03E-11	2.93E-11	4.48E-11	4.08E-11	2.1E-11
6	3.3E-12	3.8E-12	2.4E-12	3.2E-12	1.8E-12	7E-13	5E-13	1.5E-12	2.77E-11	4.32E-11	6.63E-11	4.41E-11	2.6E-11	4.15E-11	3.64E-11	1.92E-11
5.5	3.3E-12	3.8E-12	2.6E-12	3.4E-12	3.1E-12	1.3E-12	2E-13	9E-13	2.55E-11	3.69E-11	6.05E-11	3.91E-11	2.4E-11	3.7E-11	3.32E-11	1.72E-11
5	3.8E-12	3.8E-12	2.8E-12	3.3E-12	3.3E-12	1.5E-12	4E-13	5E-13	2.43E-11	3.42E-11	5.77E-11	3.51E-11	2.09E-11	3.41E-11	3.16E-11	1.56E-11
4.5	3.7E-12	3.6E-12	2.8E-12	3.3E-12	3.1E-12	1.8E-12	4E-13	3E-13	2.15E-11	3.3E-11	5.15E-11	3.32E-11	1.83E-11	3.14E-11	2.85E-11	1.36E-11
4	3.4E-12	3.6E-12	3.4E-12	3.3E-12	3.7E-12	2.4E-12	1.2E-12	3E-13	2E-11	2.9E-11	5.02E-11	3.03E-11	1.65E-11	2.86E-11	2.57E-11	1.17E-11
3.5	3.7E-12	3.4E-12	3.5E-12	3.2E-12	3.2E-12	2.4E-12	1.8E-12	8E-13	1.98E-11	2.54E-11	4.52E-11	2.67E-11	1.41E-11	2.59E-11	2.43E-11	1.12E-11
3	3.8E-12	3.4E-12	3.4E-12	3.2E-12	2.7E-12	2.9E-12	1.8E-12	1.8E-12	1.8E-11	2.7E-11	4.21E-11	2.35E-11	1.43E-11	2.47E-11	2.23E-11	9.5E-12
2.5	3.4E-12	2.9E-12	3.6E-12	3.5E-12	3E-12	3.3E-12	2.6E-12	1.8E-12	1.69E-11	2.44E-11	4E-11	2.26E-11	1.26E-11	2.18E-11	1.85E-11	8.8E-12
2	3.6E-12	3.1E-12	3.7E-12	3.6E-12	3.1E-12	3E-12	2.9E-12	2E-12	1.56E-11	2.23E-11	3.75E-11	2.11E-11	1.12E-11	1.97E-11	1.64E-11	8.4E-12
1.5	3.5E-12	3E-12	3.5E-12	3.6E-12	2.9E-12	3.7E-12	3.3E-12	2.2E-12	1.41E-11	1.99E-11	3.38E-11	1.82E-11	9.8E-12	1.67E-11	1.47E-11	7.1E-12
1	3.2E-12	2.9E-12	3.8E-12	3.7E-12	3.2E-12	3.2E-12	3.2E-12	3.1E-12	1.32E-11	2E-11	3.1E-11	1.68E-11	8.6E-12	1.63E-11	1.29E-11	6.3E-12
0.5	3.2E-12	3.3E-12	3.2E-12	3.7E-12	3.1E-12	3.5E-12	3.2E-12	3E-12	1.15E-11	1.68E-11	2.86E-11	1.44E-11	7.7E-12	1.41E-11	1.17E-11	5.5E-12
-4E-7	3.3E-12	3.6E-12	3.1E-12	3.9E-12	4E-12	3.2E-12	3.5E-12	3E-12	1.07E-11	1.47E-11	2.6E-11	1.18E-11	6.2E-12	1.16E-11	1.04E-11	4.3E-12
-0.5	3.3E-12	3.6E-12	3.5E-12	3.7E-12	4.3E-12	3.1E-12	3.4E-12	3E-12	9.1E-12	1.53E-11	2.24E-11	1.08E-11	5.6E-12	1.04E-11	8.8E-12	3.6E-12
-1	3.1E-12	3.9E-12	3.1E-12	4E-12	4E-12	3.5E-12	3.7E-12	3.2E-12	7.4E-12	1.35E-11	1.97E-11	1.01E-11	4E-12	9E-12	7.8E-12	2.7E-12
-1.5	3.6E-12	4E-12	3.4E-12	3.9E-12	3.8E-12	3.1E-12	3.6E-12	3.1E-12	6.6E-12	1.28E-11	1.76E-11	8.3E-12	3.2E-12	7.6E-12	6.9E-12	1.9E-12
-2	3.8E-12	3.8E-12	3.1E-12	3.8E-12	3.7E-12	3.3E-12	3.4E-12	3.4E-12	5.9E-12	1.15E-11	1.53E-11	6.9E-12	2.6E-12	6.5E-12	6.1E-12	1.3E-12
-2.5	3.9E-12	3.2E-12	3.3E-12	3.6E-12	3.5E-12	3.7E-12	3.4E-12	3.4E-12	4.6E-12	1.14E-11	1.52E-11	6.1E-12	2.3E-12	5.5E-12	5.5E-12	1.4E-12
-3	4.1E-12	3.8E-12	3.8E-12	3.6E-12	3.4E-12	3.7E-12	3.6E-12	2.8E-12	3.6E-12	9.7E-12	1.28E-11	4.6E-12	1.6E-12	5.5E-12	4.1E-12	8E-13
-3.5	3.9E-12	3.3E-12	3.6E-12	3.6E-12	3.7E-12	3.8E-12	3.7E-12	3.9E-12	3.4E-12	8E-12	1.19E-11	3.8E-12	1.1E-12	4.1E-12	3.6E-12	1E-13
-4	3.8E-12	3.4E-12	3.8E-12	3.7E-12	3.5E-12	3.8E-12	3.8E-12	2.9E-12	1.7E-12	6E-12	1.01E-11	3E-12	9E-13	3.5E-12	3.1E-12	6E-13
-4.5	3.9E-12	3.3E-12	3.7E-12	3.5E-12	3.6E-12	4.1E-12	3.7E-12	3.3E-12	1.3E-12	4.9E-12	8.7E-12	2.4E-12	6E-13	3E-12	2.4E-12	4E-13
-5	4.1E-12	3.5E-12	3.4E-12	4.1E-12	3.4E-12	4.1E-12	4E-12	3.6E-12	5E-13	5.4E-12	7E-12	1.5E-12	3E-13	2.2E-12	1.6E-12	1E-13
-5.5	3.5E-12	3.6E-12	3.3E-12	3.8E-12	3.8E-12	4.1E-12	4E-12	3.5E-12	4E-13	4E-12	6.4E-12	9E-13	8E-13	1.9E-12	1.6E-12	4E-13
-6	3E-12	3.5E-12	3.4E-12	4.1E-12	4.8E-12	4.1E-12	4.3E-12	2.7E-12	1E-13	2.9E-12	5.5E-12	5E-13	7E-13	1.1E-12	1E-12	9E-13
-6.5	3.2E-12	3.5E-12	3.5E-12	4.2E-12	4.8E-12	4.3E-12	4E-12	3.1E-12	9E-13	3.6E-12	4.3E-12	8E-13	9E-13	4E-13	5E-13	1.1E-12
-7	3.5E-12	3.8E-12	3.2E-12	3.8E-12	4.2E-12	4.3E-12	4.3E-12	3E-12	1.3E-12	2.2E-12	3.3E-12	3E-13	1.7E-12	1E-13	1E-13	1.4E-12
-7.5	3.4E-12	3.8E-12	3.4E-12	3.9E-12	4.1E-12	4.3E-12	4.4E-12	3.3E-12	1.6E-12	2E-13	2.6E-12	5E-13	1.8E-12	6E-13	3E-13	1.4E-12
-8	3.8E-12	3.9E-12	3.1E-12	3.9E-12	4.2E-12	3.8E-12	4.2E-12	3E-12	6E-13	1E-13	1.3E-12	1.3E-12	2.2E-12	5E-13	1E-12	1.6E-12
-8.5	3.9E-12	3.5E-12	3.3E-12	4E-12	3.6E-12	3.8E-12	4.4E-12	2.9E-12	9E-13	1E-12	1.5E-12	8E-13	2.2E-12	1.2E-12	1E-12	2E-12
-9	3.7E-12	3.9E-12	4.1E-12	3.6E-12	3.9E-12	3.7E-12	4.3E-12	3.8E-12	1.9E-12	6E-13	0	6E-12	2.2E-12	1.3E-12	1.3E-12	2.1E-12
-9.5	3.9E-12	3.9E-12	3.8E-12	3.7E-12	3.7E-12	3.6E-12	4.3E-12	3.8E-12	1.4E-12	4E-13	3E-13	8.3E-12	2.3E-12	1.5E-12	1.6E-12	2.2E-12
-10	3.9E-12	3.7E-12	3.8E-12	3.7E-12	3.8E-12	3.6E-12	4.4E-12	3.8E-12	1.8E-12	5E-13	8E-13	2.1E-12	2.9E-12	1.8E-12	1.9E-12	2.6E-12
-10.5	3.5E-12	3.5E-12	3.7E-12	3.8E-12	3.7E-12	3.9E-12	4.3E-12	4.1E-12	2.4E-12	7E-13	1E-12	8E-13	2.7E-12	1.6E-12	1.7E-12	2E-12
-11	4.1E-12	3.4E-12	3.7E-12	3.7E-12	4.2E-12	3.9E-12	3.9E-12	4.2E-12	2.2E-12	1.4E-12	1.7E-12	1.5E-12	2.7E-12	1.5E-12	1.9E-12	2.3E-12
-11.5	3.5E-12	3.5E-12	3.1E-12	4.1E-12	4.5E-12	3.9E-12	4.1E-12	4.1E-12	2.4E-12	1E-12	1.6E-12	2.1E-12	2.9E-12	1.9E-12	2.1E-12	2.4E-12
-12	3.5E-12	3.8E-12	3.4E-12	3.8E-12	4.5E-12	3.9E-12	4.1E-12	4.1E-12	2.6E-12	1.2E-12	2.2E-12	2.3E-12	3.1E-12	2.5E-12	2.4E-12	2.4E-12
-12.5	3.5E-12	3.8E-12	3.1E-12	3.8E-12	4.2E-12	4E-12	4.3E-12	3.8E-12	2.9E-12	1.3E-12	2.1E-12	3.3E-12	3.4E-12	2.5E-12	2.4E-12	2.9E-12
-13	3.6E-12	3.9E-12	3.2E-12	4E-12	4.3E-12	4.2E-12	4.3E-12	3.7E-12	3E-12	1.3E-12	2.6E-12	3.5E-12	3.4E-12	2.9E-12	2.8E-12	2.8E-12
-13.5	3.6E-12	3.9E-12	3.1E-12	4.1E-12	4.3E-12	4E-12	4.1E-12	3.8E-12	2.8E-12	2.9E-12	2.3E-12	3.6E-12	3.7E-12	2.7E-12	2.9E-12	3E-12
-14	3.6E-12	3.7E-12	3.7E-12	3.9E-12	4.2E-12	4.3E-12	3.9E-12	3.9E-12	3.7E-12	2.2E-12	2.6E-12	3.8E-12	3.9E-12	3.4E-12	3.3E-12	3.3E-12
-14.5	3.7E-12	3.8E-12	3.7E-12	3.6E-12	3.5E-12	4E-12	4.4E-12	3.2E-12	3.6E-12	1.7E-12	2.4E-12	3.4E-12	4E-12	3.5E-12	3.4E-12	3.6E-12
-15	3.5E-12	4E-12	3.8E-12	3.3E-12	3.1E-12	4.2E-12	4.6E-12	3.5E-12	3.6E-12	2E-12	2.7E-12	4E-12	3.9E-12	3.4E-12	3.5E-12	3.6E-12
-15.50001	4.2E-12	3.3E-12	3.8E-12	3.9E-12	3.6E-12	4.6E-12	4.4E-12	3.5E-12	4.1E-12	2.6E-12	2.9E-12	3.9E-12	3.6E-12	3E-12	3.3E-12	3.8E-12
-16	4.2E-12	3.3E-12	4E-12	3.9E-12	3.4E-12	4.1E-12	4.2E-12	2.6E-12	4.2E-12	2.6E-12	2.9E-12	3.6E-12	3.6E-12	3E-12	3.7E-12	3.4E-12
-16.5	4E-12	3.2E-12	4.2E-12	3.7E-12	4.3E-12	3.5E-12	4.2E-12	2.8E-12	4.3E-12	2.3E-12	2.8E-12	3.4E-12	3.6E-12	2.9E-12	3.6E-12	3.4E-12
-17	3.9E-12	3.5E-12	3.7E-12	3.5E-12	4.3E-12	3.7E-12	4.4E-12	2.7E-12	4.5E-12	2.2E-12	3.2E-12	3.6E-12	3.3E-12	2.8E-12	3.5E-12	3.3E-12
-17.5	3.8E-12	3.5E-12	3.3E-12	3.7E-12	4.4E-12	3.6E-12	4.5E-12	2.9E-12	4.2E-12	3.2E-12	3.7E-12	3.3E-12	3.4E-12	3.1E-12	3.6E-12	3.2E-12
-18	3.7E-12	3.8E-12	3.1E-12	4.1E-12	4.4E-12	4E-12	4.4E-12	3.5E-12	4E-12	3.2E-12	4E-12	3.6E-12	3.7E-12	3.3E-12	3.3E-12	3E-12
-18.5	3.5E-12	4.4E-12	3.2E-12	4E-12	4.7E-12	3.7E-12	4.4E-12	3.4E-12	4E-12	2.7E-12	4.1E-12	3.7E-12	3.3E-12	3.4E-12	3.7E-12	3.1E-12
-19	3.2E-12	3.8E-12	3.1E-12	4.2E-12	4.7E-12	3.5E-12	4.2E-12	3E-12	3.1E-12	2.4E-12	3.6E-12	3.8E-12	3.4E-12	3.2E-12	3.7E-12	3.2E-12
-19.5	3.1E-12	4E-12	3.3E-12	4.1E-12	4.4E-12	3.5E-12	4.7E-12	3.1E-12	4.7E-12	4E-12	4E-12	3.5E-12	3.8E-12	3.5E-12	3.7E-12	3.3E-12
-20	3.3E-12	4.1E-12	3.7E-12	4E-12	3.4E-12	3.3E-12	4.3E-12	4E-12	3.7E-12	2.4E-12	4.1E-12	4E-12	4.5E-12	3.4E-12	3.7E-12	3.5E-12
-20.5	3.4E-12	4.2E-12	3.4E-12	3.7E-12	3.6E-12	3.4E-12	4E-12	4E-12	3.3E-12	3E-12	4.2E-12	3.7E-12	4.5E-12	4E-12	3.9E-12	4.1E-12
-21	3.8E-12	4.3E-12	3.9E-12	3.8E-12	3.5E-12	3.8E-12	4.1E-12	4.3E-12	3.1E-12	2.6E-12	4E-12	3.9E-12	4.4E-12	4.1E-12	4.1E-12	3.9E-12
-21.5	3.7E-12	3.7E-12	3.7E-12	3.5E-12	3.8E-12	3.7E-12	3.9E-12	3.4E-12	3.2E-12	2.2E-12	3.7E-12	3.6E-12	4.1E-12	3.8E-12	4.3E-12	3.8E-12
-22	4.2E-12	3.8E-12	3.9E-12	3.2E-12	3.8E-12	3.8E-12	4.3E-12	4.1E-12	3.4E-12	2.9E-12	4.2E-12	4.2E-12	4E-12	3.6E-12	4.1E-12	3.4E-12
-22.5	4.1E-12	3.9E-12	3.5E-12	3.3E-12	4.6E-12	3.9E-12	4.4E-12	4.2E-12	3.2E-12	2.5E-12	4.1E-12	4.1E-12	3.9E-12	3.7E-12	4.1E-12	3.4E-12
-23	4.1E-12	3.7E-12	3.6E-12	3.5E-12	4.6E-12	3.8E-12	4.3E-12	4E-12	3.2E-12	2.3E-12	3.6E-12	4.2E-12	3.8E-12	3.7E-12	4E-12	3.6E-12
-23.5	3.9E-12	3.5E-12	3.6E-12	3.7E-12	4.7E-12	3.7E-12	4.2E-12	3.4E-12	3.2E-12	3.8E-12	3.9E-12	4.2E-12	3.8E-12	4E-12	4E-12	3.5E-12
-24	3.8E-12	3.9E-12	3.5E-12	3.9E-12	4.7E-12	3.9E-12	4.3E-12	3.5E-12	4.1E-12	3.2E-12	3.9E-12	4.4E-12	3.8E-12	3.3E-12	4.2E-12	3.5E-12
-24.5	3.2E-12	3.8E-12	3.3E-12	4.1E-12	4.4E-12	4.1E-12	4.3E-12	3.5E-12	4E-12	2.6E-12	3.8E-12	4.5E-12	3.9E-12	3.7E-12	4E-12	3.4E-12
-25	3.2E-12	3.7E-12	3.2E-12	3.7E-12	3.8E-12	4E-12	4.4E-12	3.7E-12	3.8E-12	2.6E-12	3.6E-12	4.7E-12	3.7E-12	3.5E-12	4E-12	3.7E-12
-25.5	3.2E-12	4.1E-12	3.2E-12	3.8E-12	3.5E-12	3.9E-12	4.3E-12	2.9E-12	3.8E-12	3.8E-12	3.7E-12	4.4E-12	4.5E-12	3.7E-12	4E-12	3.8E-12
-26	3.3E-12	4.3E-12	3.1E-12	3.9E-12	3.5E-12	3.8E-12	4.1E-12	3.1E-12	3.6E-12	3.6E-12	3.8E-12	3.9E-12	4.1E-12	4.1E-12	4.1E-12	3.6E-12
-26.5	3.2E-12	4.2E-12	3.2E-12	3.9E-12	3.8E-12	3.4E-12	4.2E-12	3E-12	4.3E-12	2.6E-12	3.6E-12	4.2E-12	4.4E-12	4.3E-12	4.4E-12	4.2E-12
-27	3.3E-12	4.3E-12	3.9E-12	3.6E-12	3.8E-12	3.8E-12	4.3E-12	2.9E-12	3.1E-12	2.3E-12	3.6E-12	4.4E-12	4.5E-12	4.6E-12	4.3E-12	4.4E-12
-27.5	3.2E-12	3.9E-12	3.9E-12	3.5E-12	4E-12	3.8E-12	3.9E-12	3E-12	4.3E-12	3.9E-12	4.2E-12	4E-12	4.2E-12	4.4E-12	4.6E-12	4.3E-12
-28	3.6E-12	3.6E-12	3.8E-12	3.6E-12	3.9E-12	3.6E-12	4.1E-12	2.9E-12	4.2E-12	3.5E-12	4.2E-12	4.3E-12	3.8E-12	4.2E-12	4.8E-12	4.4E-12
-28.5	3.7E-12	3.7E-12	3.7E-12	3.7E-12	4.4E-12	3.9E-12	4.1E-12	2.8E-12	4.1E-12	3.5E-12	4.3E-12	4.1E-12	4.2E-12	4.3E-12	4.7E-12	4E-12
-29	3.6E-12	3.4E-12	3.7E-12	3.6E-12	4.4E-12	3.6E-12	4.1E-12	3.3E-12	4.4E-12	5.2E-12	4.1E-12	3.8E-12	4.3E-12	4.2E-12	4.9E-12	3.5E-12
-29.5	3.9E-12	3.1E-12	3.6E-12	3.7E-12	4.6E-12	4.1E-12	4.4E-12	3.7E-12	4.1E-12	4.9E-12	4.5E-12	4.5E-12	3.9E-12	3.7E-12	5E-12	3.7E-12
-30	3.2E-12	3.2E-12	3.6E-12	3.9E-12	4.9E-12	3.9E-12	4.2E-12	3.4E-12	4.5E-12	3.7E-12	4.3E-12	4.1E-12	4E-12	3.6E-12	4.5E-12	3.5E-12
-30.5	3.1E-12	3.5E-12	4E-12	3.8E-12	4.6E-12	4.2E-12	4.3E-12	3.3E-12	4.2E-12	5.7E-12	3.9E-12	4.1E-12	3.8E-12	3.5E-12	4.4E-12	3.5E-12
-31	3.3E-12	4.3E-12	3.4E-12	4.1E-12	3.6E-12	3.9E-12	4.3E-12	3.6E-12	3.5E-12	2.6E-12	4.1E-12	4.6E-12	4E-12	3.5E-12	4.7E-12	3.7E-12
-31.5	3.2E-12	3.8E-12	3.1E-12	3.9E-12	3.6E-12	4.8E-12	4.1E-12	4.1E-12	3.9E-12	5.1E-12	4E-12	4.5E-12	4E-12	3.9E-12	4.4E-12	3.6E-12
-32	3.1E-12	4.4E-12	3.3E-12	4.1E-12	3.6E-12	4.7E-12	4.1E-12	4.1E-12	3.8E-12	4.8E-12	3.9E-12	4.3E-12	3.8E-12	4.4E-12	4.1E-12	3.6E-12
-32.5	3.2E-12	4.2E-12	3.6E-12	4.2E-12	3.6E-12	4.5E-12	4.1E-12	3.7E-12	2.9E-12	4.1E-12	3.8E-12	4.4E-12	4.1E-12	4.1E-12	4.4E-12	3.6E-12
-33	3.3E-12	4E-12	4E-12	4E-12	3.8E-12	4.5E-12	4.4E-12	4E-12	3.3E-12	5.7E-12	3.6E-12	4.6E-12	4.2E-12	4.1E-12	4.1E-12	3.6E-12
-33.5	3E-12	3.9E-12	4.1E-12	4.2E-12	3.6E-12	4.3E-12	4.4E-12	3.9E-12	3.4E-12	5.2E-12	3.4E-12	4.4E-12	4.2E-12	4.4E-12	4.3E-12	4.1E-12
-34	3.5E-12	3.5E-12	4E-12	4.1E-12	4E-12	4.3E-12	4.4E-12	4.2E-12	3.5E-12	5E-12	3.6E-12	4.3E-12	4.1E-12	4.1E-12	4.7E-12	4.2E-12
-34.5	3.6E-12	3.4E-12	3.9E-12	3.9E-12	4E-12	4.1E-12	4.1E-12	3.8E-12	3.6E-12	5E-12	3.4E-12	4.1E-12	3.7E-12	4.4E-12	4.6E-12	4.1E-12
-35	3.7E-12	3.1E-12	3.9E-12	3.6E-12	4.1E-12	3.8E-12	4.2E-12	4.1E-12	3.3E-12	5.7E-12	3.5E-12	4.5E-12	3.4E-12	3.7E-12	4.4E-12	3.5E-12
-35.5	3.6E-12	3.2E-12	3.9E-12	3.9E-12	4.8E-12	3.6E-12	3.7E-12	3.4E-12	3.4E-12	5.4E-12	3.4E-12	3.9E-12	3.5E-12	4.1E-12	4.2E-12	3.9E-12
-36	3.9E-12	3E-12	3.7E-12	4E-12	4.6E-12	3.4E-12	4.1E-12	3.4E-12	4E-12	4.9E-12	3.5E-12	4E-12	3.5E-12	3.4E-12	4.4E-12	3.9E-12
-36.5	3.6E-12	3.3E-12	3.2E-12	4.1E-12	4.5E-12	3.3E-12	4E-12	3.2E-12	4E-12	5E-12	4E-12	3.9E-12	3.7E-12	3.6E-12	4.2E-12	3.5E-12
-37	3.8E-12	3.7E-12	3.1E-12	3.8E-12	4.2E-12	3.4E-12	3.9E-12	3.3E-12	3.9E-12	5.4E-12	3.5E-12	3.9E-12	3.8E-12	3.6E-12	4.3E-12	3.8E-12
-37.5	3.7E-12	3.5E-12	3.1E-12	3.7E-12	3.4E-12	3.2E-12	3.8E-12	3E-12	3.6E-12	3.4E-12	4.4E-12	4E-12	3.7E-12	3.8E-12	4.1E-12	3.5E-12
-38	3.1E-12	3.4E-12	2.9E-12	3.7E-12	3.3E-12	3.2E-12	3.9E-12	3.1E-12	3.6E-12	5.4E-12	4.3E-12	4.3E-12	3.7E-12	3.9E-12	4.2E-12	3.5E-12
-38.5	2.8E-12	3.8E-12	3.1E-12	4E-12	3.7E-12	3.6E-12	4E-12	3.1E-12	4.5E-12	5.1E-12	3.9E-12	3.9E-12	4E-12	4.3E-12	4.2E-12	4.2E-12
-39	3.1E-12	4E-12	3.4E-12	4E-12	3.6E-12	3.5E-12	4.1E-12	3.7E-12	4.4E-12	5.1E-12	3.9E-12	4.3E-12	4.1E-12	4.2E-12	4.1E-12	4.4E-12
-39.5	3.3E-12	3.7E-12	3.4E-12	3.9E-12	4E-12	4.1E-12	4.5E-12	3.8E-12	4.3E-12	5.5E-12	4.2E-12	4.4E-12	4.1E-12	4.1E-12	4.5E-12	4E-12
-40	3.3E-12	3.6E-12	3.3E-12	4.1E-12	4.3E-12	4.2E-12	3.8E-12	3.7E-12	4.3E-12	4.5E-12	4.1E-12	4.3E-12	4.1E-12	3.8E-12	4.2E-12	4.3E-12
-40.5	3.4E-12	3.5E-12	3.9E-12	4E-12	4.9E-12	3.9E-12	3.5E-12	3.4E-12	4.5E-12	5.3E-12	4.1E-12	4.6E-12	4.1E-12	3.9E-12	4.2E-12	4.3E-12
-41	3.2E-12	3.5E-12	4.2E-12	3.9E-12	4.8E-12	4.1E-12	4.1E-12	3.9E-12	4.3E-12	5.6E-12	4.2E-12	4.6E-12	3.9E-12	4.1E-12	4.5E-12	4.4E-12
-41.5	3.2E-12	3.5E-12	3.6E-12	4E-12	4.8E-12	4.2E-12	4.1E-12	4.1E-12	3.5E-12	3.7E-12	4.1E-12	4.8E-12	4.1E-12	3.8E-12	4.4E-12	4.4E-12
-42	4.1E-12	3.7E-12	4E-12	3.7E-12	4.7E-12	4.3E-12	4E-12	4E-12	3.7E-12	5.4E-12	3.7E-12	4.3E-12	3.9E-12	3.7E-12	4.7E-12	4.1E-12
-42.5	3.8E-12	3.6E-12	3.6E-12	3.8E-12	4.4E-12	4.1E-12	4.1E-12	4E-12	3.7E-12	4.4E-12	3.7E-12	4.5E-12	3.4E-12	3.6E-12	4.2E-12	4.1E-12
-43	3.9E-12	3.5E-12	3.4E-12	3.6E-12	3.7E-12	4.2E-12	4.1E-12	3.9E-12	3.4E-12	4.8E-12	3.8E-12	4.3E-12	3.6E-12	3.7E-12	4.1E-12	3.7E-12
-43.5	3.2E-12	3.3E-12	3.7E-12	3.9E-12	3.7E-12	4.3E-12	4E-12	3.8E-12	2.8E-12	5.2E-12	3.7E-12	4.3E-12	3.3E-12	3.6E-12	4.1E-12	3.9E-12
-44	3.2E-12	4E-12	3.3E-12	3.7E-12	3.8E-12	4.1E-12	3.8E-12	3.8E-12	3E-12	3.6E-12	3.9E-12	3.8E-12	3.3E-12	3.9E-12	4.1E-12	3.6E-12
-44.5	3.4E-12	4.1E-12	3.3E-12	3.7E-12	3.9E-12	3.6E-12	3.2E-12	3.1E-12	3.2E-12	4.5E-12	3.6E-12	4.4E-12	4E-12	4.2E-12	4E-12	4.1E-12
-45	3.4E-12	4E-12	3.4E-12	3.8E-12	3.8E-12	3.7E-12	3.1E-12	3E-12	3.2E-12	4.5E-12	3.8E-12	4.2E-12	4.1E-12	4.2E-12	4.2E-12	4.1E-12
-45.5	3.5E-12	4.1E-12	4E-12	3.9E-12	3.4E-12	3.3E-12	3.7E-12	3.2E-12	3.6E-12	4.9E-12	3.6E-12	3.9E-12	4.2E-12	4.1E-12	4.2E-12	4.2E-12
-46	3.3E-12	3.9E-12	4E-12	4.1E-12	4E-12	3.5E-12	3.3E-12	3E-12	3.3E-12	3.1E-12	4E-12	3.9E-12	4.5E-12	4.3E-12	4.3E-12	4E-12
-46.5	3.3E-12	4.2E-12	3.7E-12	4.2E-12	4.4E-12	3.6E-12	3.2E-12	3.2E-12	3.3E-12	3.6E-12	4.3E-12	3.7E-12	4.4E-12	3.9E-12	4.3E-12	4.7E-12
-47	3.8E-12	3.6E-12	3.7E-12	4.1E-12	4.5E-12	3.7E-12	3.8E-12	2.9E-12	3.2E-12	4.3E-12	4.3E-12	3.9E-12	4.2E-12	4.1E-12	4.3E-12	4.5E-12
-47.5	3.4E-12	3.1E-12	3.7E-12	4.1E-12	4.2E-12	3.5E-12	3.4E-12	3.2E-12	3.6E-12	4.7E-12	3.9E-12	3.6E-12	3.8E-12	4.1E-12	4.5E-12	4.7E-12
-48	3.6E-12	3.1E-12	3.7E-12	4.1E-12	4.6E-12	3.7E-12	3.9E-12	2.9E-12	3E-12	3.2E-12	4.2E-12	3.8E-12	3.6E-12	4E-12	4.2E-12	4.6E-12
-48.5	3.8E-12	3.2E-12	3.7E-12	4.1E-12	4.1E-12	3.7E-12	4.3E-12	3.4E-12	3.5E-12	5.4E-12	4.2E-12	4.5E-12	3.6E-12	3.7E-12	4.4E-12	4E-12
-49	3.4E-12	3.3E-12	3.6E-12	4.2E-12	3.4E-12	4.1E-12	3.6E-12	3.3E-12	3.5E-12	4E-12	4.4E-12	4.3E-12	3.5E-12	3.8E-12	4.4E-12	4E-12
-49.5	3.5E-12	3.7E-12	3E-12	4.2E-12	3.6E-12	4E-12	4.1E-12	3.1E-12	4.4E-12	4.2E-12	4.3E-12	4.1E-12	3.5E-12	3.3E-12	4.4E-12	4.2E-12
-50	3.4E-12	3.6E-12	3.2E-12	4.2E-12	3.7E-12	3.8E-12	4.2E-12	3E-12	4.5E-12	2.8E-12	4.5E-12	4.3E-12	3.7E-12	3.9E-12	4.4E-12	4E-12
-50.5	3.4E-12	3.8E-12	3.3E-12	4.4E-12	3.6E-12	3.8E-12	3.7E-12	4.1E-12	4.3E-12	2.8E-12	4.2E-12	4.5E-12	3.7E-12	4E-12	4.5E-12	4.1E-12
-51	2.7E-12	3.5E-12	3.3E-12	4.1E-12	3.4E-12	4E-12	3.5E-12	3.7E-12	4.2E-12	3E-12	4.3E-12	4.3E-12	3.5E-12	4.2E-12	4.1E-12	4.1E-12
-51.5	2.8E-12	4.1E-12	3.6E-12	3.9E-12	3.5E-12	4E-12	3.5E-12	3.7E-12	4.2E-12	3.4E-12	4.4E-12	4.5E-12	3.9E-12	3.9E-12	4.2E-12	4.1E-12
-52	3E-12	4.1E-12	3.7E-12	4.2E-12	3.8E-12	4E-12	3.4E-12	3.6E-12	4E-12	2.4E-12	3.6E-12	4.4E-12	4E-12	4.3E-12	4.2E-12	4.5E-12
-52.5	3E-12	4.3E-12	4.2E-12	4E-12	4.3E-12	3.8E-12	3.8E-12	4E-12	4E-12	2.8E-12	3.8E-12	4.6E-12	3.9E-12	4.1E-12	4.2E-12	4.4E-12
-53	3.8E-12	4.1E-12	4.2E-12	4.1E-12	4.5E-12	3.7E-12	3.3E-12	3.9E-12	4.1E-12	2.5E-12	4.1E-12	4.4E-12	4.2E-12	3.6E-12	4.5E-12	4.5E-12
-53.5	3.7E-12	3.5E-12	4.1E-12	4E-12	4.3E-12	3.9E-12	3.2E-12	4E-12	3.1E-12	2.9E-12	4.1E-12	4.1E-12	3.9E-12	3.4E-12	4.3E-12	4.3E-12
-54	3.6E-12	3.4E-12	4.1E-12	4.2E-12	4.5E-12	3.8E-12	3.3E-12	3.5E-12	3.6E-12	3.3E-12	3.3E-12	4.1E-12	3.7E-12	3.6E-12	4.1E-12	4.2E-12
-54.5	3.6E-12	3.4E-12	4.4E-12	4.2E-12	3.7E-12	3.3E-12	3.1E-12	3.4E-12	3.7E-12	2.6E-12	3.3E-12	4.2E-12	3.9E-12	3.6E-12	4.5E-12	4.2E-12
-55	3.6E-12	3.6E-12	3.7E-12	4.3E-12	3.7E-12	3.1E-12	3.3E-12	3.3E-12	3.1E-12	2.4E-12	3.5E-12	3.8E-12	3.4E-12	3.5E-12	4.6E-12	4.3E-12
-55.5	3.7E-12	3.6E-12	3.6E-12	3.9E-12	3.6E-12	3.5E-12	3.3E-12	3.4E-12	3.4E-12	3.5E-12	3.9E-12	4E-12	3.6E-12	3.5E-12	4.7E-12	4E-12
-56	3.4E-12	3.9E-12	3.5E-12	3.7E-12	3.3E-12	3.4E-12	3E-12	3E-12	3.2E-12	3E-12	3.7E-12	4E-12	3.4E-12	3.5E-12	4.8E-12	4.4E-12
-56.5	2.9E-12	3.7E-12	3.3E-12	3.8E-12	3.4E-12	3.2E-12	3.4E-12	2.8E-12	3.3E-12	2.7E-12	3.6E-12	4E-12	4.2E-12	3.7E-12	4.8E-12	3.7E-12
-57	2.8E-12	4.2E-12	3.4E-12	3.6E-12	3.6E-12	3.1E-12	3.5E-12	2.8E-12	3.5E-12	2.4E-12	4.4E-12	3.9E-12	3.9E-12	4.2E-12	4.6E-12	3.9E-12
-57.5	2.9E-12	3.8E-12	3.5E-12	3.6E-12	3.6E-12	3.2E-12	4.1E-12	3E-12	3.4E-12	2.9E-12	4.4E-12	4.3E-12	4.2E-12	4.3E-12	4.3E-12	3.7E-12
-58	3.1E-12	4E-12	3.4E-12	3.7E-12	4.4E-12	3E-12	3.8E-12	3.4E-12	3.7E-12	2.9E-12	4.1E-12	4.4E-12	4E-12	4.3E-12	4.4E-12	4.1E-12
-58.5	3.3E-12	3.8E-12	4E-12	4.1E-12	4.4E-12	3.5E-12	3.7E-12	3.3E-12	3.9E-12	2.8E-12	4.3E-12	4.3E-12	4.2E-12	4.2E-12	4.2E-12	4.3E-12
-59	3.4E-12	3.7E-12	3.9E-12	4.2E-12	4.5E-12	3.8E-12	4.2E-12	3.2E-12	3.8E-12	4.5E-12	4.4E-12	4.2E-12	4E-12	4E-12	4.2E-12	4.7E-12
-59.5	3.6E-12	3.9E-12	4E-12	3.9E-12	4.5E-12	3.7E-12	4.2E-12	3.7E-12	3.8E-12	4E-12	4.6E-12	4.3E-12	4.1E-12	4.3E-12	4.1E-12	4.5E-12
-60	3E-12	3.5E-12	4.2E-12	4.4E-12	4.6E-12	4.2E-12	3.7E-12	3.3E-12	3.4E-12	3.2E-12	4.7E-12	4.3E-12	4.2E-12	3.9E-12	4.3E-12	4.7E-12
		3.7E-12	4E-12	3.9E-12	4.2E-12	4E-12	3.7E-12	3.9E-12	4.3E-12	2.9E-12	4.5E-12	4.3E-12	4.4E-12	4E-12	4.3E-12	4.6E-12
		3.4E-12	3.5E-12	3.9E-12	4E-12	4E-12	3.9E-12	3.5E-12	4.3E-12	5.1E-12	3.8E-12	4.3E-12	4E-12	3.7E-12	4.1E-12	4.7E-12
		3.1E-12	3.5E-12	4E-12	3.5E-12	4E-12	3.4E-12	3.7E-12	4.1E-12	4.8E-12	4.2E-12	3.8E-12	3.4E-12	3.6E-12	4.1E-12	3.9E-12
		3.3E-12	3.6E-12	4E-12	3.8E-12	4.2E-12	3.5E-12	3.8E-12	4.3E-12	4.4E-12	4.2E-12	4.2E-12	3.6E-12	3.6E-12	4.4E-12	4E-12
		3.7E-12	3.7E-12	4.2E-12	3.6E-12	4.3E-12	3.7E-12	3.8E-12	4E-12	3.6E-12	3.8E-12	3.9E-12	3.4E-12	3.7E-12	4.4E-12	4.1E-12
		3.5E-12	3.3E-12	3.9E-12	3.5E-12	4.1E-12	3.6E-12	3.9E-12	4E-12	5.2E-12	3.9E-12	4E-12	3.9E-12	3.8E-12	4.5E-12	3.9E-12
		3.8E-12	3.3E-12	4E-12	3.4E-12	4.2E-12	3.6E-12	3.8E-12	3.9E-12	5.2E-12	3.8E-12	4.2E-12	3.9E-12	4.3E-12	4.5E-12	4E-12
		3.8E-12	3.3E-12	3.9E-12	4E-12	3.5E-12	3.6E-12	3.7E-12	3.9E-12	4.9E-12	4E-12	3.8E-12	3.9E-12	4.4E-12	4.6E-12	4.2E-12
		3.7E-12	4E-12	4E-12	4.2E-12	3.7E-12	3.8E-12	3.7E-12	3.1E-12	5.6E-12	3.8E-12	3.5E-12	4.2E-12	4.4E-12	4.5E-12	4.5E-12
		3.5E-12	3.6E-12	4.2E-12	4.2E-12	3.5E-12	4.1E-12	3.7E-12	3.5E-12	5.5E-12	4.1E-12	3.8E-12	4.2E-12	4.2E-12	4.5E-12	4.6E-12
		3.8E-12	4E-12	3.7E-12	4.1E-12	3.6E-12	3.6E-12	3.1E-12	3.4E-12	5.5E-12	3.9E-12	3.6E-12	4E-12	4.4E-12	4.4E-12	4.4E-12
		3.6E-12	3.9E-12	3.9E-12	4.4E-12	3.7E-12	3.4E-12	3.3E-12	3E-12	4.7E-12	4.1E-12	3.9E-12	3.3E-12	4.3E-12	4.3E-12	4.8E-12
		3E-12	4.1E-12	4E-12	4.3E-12	3.7E-12	3.7E-12	3.3E-12	4.2E-12	5.1E-12	4.6E-12	3.8E-12	3.4E-12	4.4E-12	4.4E-12	4.6E-12
		3.1E-12	4E-12	3.9E-12	3.7E-12	4E-12	4.1E-12	3.3E-12	3E-12	5.3E-12	4.7E-12	3.9E-12	3.4E-12	4E-12	4.3E-12	4.5E-12
		3.4E-12	4E-12	3.9E-12	3.5E-12	3.8E-12	4E-12	3.1E-12	3E-12	5.4E-12	4.4E-12	3.8E-12	3.6E-12	3.6E-12	4.5E-12	4.4E-12
		3.2E-12	3.8E-12	4E-12	3.6E-12	3.8E-12	4E-12	3.2E-12	3E-12	4.3E-12	4.5E-12	4.2E-12	3.4E-12	3.7E-12	4.5E-12	4.5E-12
		3E-12	3.5E-12	3.9E-12	4E-12	4.2E-12	3.8E-12	3.6E-12	3.2E-12	5.2E-12	4.6E-12	4.3E-12	3.5E-12	3.6E-12	4.4E-12	4.1E-12
		2.9E-12	3.6E-12	3.8E-12	3.5E-12	3.6E-12	3.9E-12	4E-12	3.3E-12	5.3E-12	4.5E-12	4.3E-12	3.5E-12	4.1E-12	4.2E-12	3.9E-12
		3.8E-12	3.7E-12	3.7E-12	4.2E-12	4.7E-12	3.7E-12	3.7E-12	3.3E-12	5.5E-12	4.6E-12	4.1E-12	4E-12	3.8E-12	4.7E-12	3.9E-12
		3.7E-12	4.2E-12	3.7E-12	3.9E-12	4.3E-12	3.7E-12	3.8E-12	4.1E-12	5.4E-12	4.8E-12	4.1E-12	3.5E-12	4E-12	4.5E-12	4.3E-12
		3.9E-12	3.9E-12	3.7E-12	4E-12	4.4E-12	3.5E-12	3.4E-12	4.2E-12	5.4E-12	4.1E-12	4.2E-12	4.2E-12	4.5E-12	4.7E-12	4E-12
		4E-12	4.1E-12	3.7E-12	4.3E-12	4.3E-12	3.2E-12	4.1E-12	4E-12	5.1E-12	4.5E-12	4E-12	4.1E-12	4.3E-12	4.4E-12	4.4E-12
		3.6E-12	4.1E-12	3.8E-12	4.5E-12	3.8E-12	3.1E-12	3.5E-12	4.7E-12	5.2E-12	4E-12	3.9E-12	3.9E-12	4.3E-12	4.1E-12	4.3E-12
		3.9E-12	4.2E-12	3.8E-12	4.4E-12	4.4E-12	3.3E-12	4.1E-12	4.5E-12	5.3E-12	3.8E-12	3.9E-12	3.6E-12	4.5E-12	4E-12	4.4E-12
		3.7E-12	4.4E-12	4.3E-12	4.2E-12	4.2E-12	3.5E-12	3.4E-12	4.5E-12	4.2E-12	3.7E-12	3.8E-12	4E-12	4E-12	4.3E-12	4.6E-12
		3.3E-12	4.5E-12	4E-12	3.5E-12	4.2E-12	3.8E-12	3.6E-12	4.3E-12	4.5E-12	3.6E-12	3.7E-12	3.9E-12	3.7E-12	4.2E-12	4.6E-12
		3.3E-12	4.3E-12	3.8E-12	3.4E-12	3.8E-12	3.4E-12	3.6E-12	4.3E-12	5E-12	3.9E-12	3.3E-12	3.6E-12	3.8E-12	4E-12	3.8E-12
		3.7E-12	4.1E-12	3.9E-12	3.1E-12	3.8E-12	3.5E-12	3.3E-12	4.6E-12	5.1E-12	3.8E-12	3.3E-12	3.4E-12	3.8E-12	4.1E-12	4E-12
		3.2E-12	3.4E-12	3.9E-12	3.6E-12	3.3E-12	3.9E-12	3.2E-12	4.5E-12	3.4E-12	4E-12	3.6E-12	3.3E-12	3.7E-12	4.3E-12	3.7E-12
		3.6E-12	3.8E-12	4.1E-12	3.3E-12	3.9E-12	4.1E-12	3.2E-12	3.6E-12	4.1E-12	3.8E-12	3.9E-12	3.3E-12	3.9E-12	4.3E-12	3.6E-12
		3E-12	3.6E-12	3.9E-12	3.8E-12	3.6E-12	4.1E-12	3.2E-12	3.6E-12	4.3E-12	3.8E-12	3.8E-12	3.8E-12	3.4E-12	4.2E-12	3.7E-12
		3.7E-12	3.7E-12	3.5E-12	3.9E-12	3.7E-12	4E-12	3E-12	3.8E-12	2.9E-12	4.4E-12	4E-12	3.7E-12	3.9E-12	4.4E-12	3.8E-12
		3.7E-12	4E-12	3.9E-12	4.1E-12	4E-12	3.9E-12	3.4E-12	3.9E-12	3.3E-12	4.3E-12	4.3E-12	4.4E-12	4.5E-12	4.4E-12	4.1E-12
		4E-12	3.9E-12	3.8E-12	4.7E-12	3.4E-12	3.8E-12	3.5E-12	3.8E-12	3.5E-12	4.6E-12	4.1E-12	4.1E-12	4.5E-12	4.6E-12	3.9E-12
		3.9E-12	4.3E-12	3.9E-12	4.6E-12	4E-12	3.9E-12	3.4E-12	3E-12	3.6E-12	4.3E-12	3.9E-12	4E-12	4.5E-12	4.5E-12	4.1E-12
		3.9E-12	4.3E-12	3.7E-12	4.4E-12	3.7E-12	3.6E-12	3.5E-12	3.4E-12	2.7E-12	4.5E-12	3.9E-12	4.2E-12	4.7E-12	4.6E-12	4.3E-12
		3.7E-12	4.3E-12	3.8E-12	4.4E-12	3.7E-12	4E-12	3.7E-12	3.4E-12	2.6E-12	4.6E-12	4.2E-12	4E-12	4.5E-12	4.2E-12	4.3E-12
		3.9E-12	4.3E-12	3.6E-12	3.7E-12	4.3E-12	3.4E-12	4.1E-12	3.3E-12	2.8E-12	4.4E-12	4E-12	4.2E-12	3.9E-12	4.2E-12	4.6E-12
		3.3E-12	4.3E-12	4E-12	3.6E-12	4.3E-12	3.2E-12	4.2E-12	3.6E-12	3.3E-12	3.9E-12	4.1E-12	4.1E-12	3.9E-12	4.4E-12	4.6E-12
		3.2E-12	3.7E-12	4.3E-12	3.6E-12	4.4E-12	3.5E-12	4.2E-12	3.3E-12	2.7E-12	3.9E-12	3.9E-12	3.7E-12	3.9E-12	4.3E-12	4.4E-12
