59.5	1.35184E-5	1.40164E-5	1.42066E-5	1.43257E-5	1.43835E-5	1.51845E-5	1.51859E-5	1.54573E-5	1.61542E-5	1.6188E-5	1.65247E-5	1.58418E-5	1.56275E-5	1.51213E-5	1.44268E-5
59	1.31724E-5	1.36638E-5	1.39292E-5	1.39975E-5	1.41238E-5	1.48814E-5	1.49339E-5	1.52482E-5	1.5763E-5	1.59645E-5	1.62397E-5	1.54948E-5	1.54011E-5	1.48651E-5	1.41919E-5
58.5	1.29028E-5	1.34072E-5	1.36284E-5	1.3797E-5	1.39235E-5	1.46042E-5	1.46617E-5	1.49665E-5	1.54932E-5	1.56212E-5	1.5949E-5	1.52079E-5	1.51361E-5	1.46884E-5	1.40202E-5
58	1.26103E-5	1.31752E-5	1.33768E-5	1.35397E-5	1.35831E-5	1.43604E-5	1.44674E-5	1.47628E-5	1.52576E-5	1.5364E-5	1.57303E-5	1.50353E-5	1.49244E-5	1.45005E-5	1.37446E-5
57.5	1.23699E-5	1.2959E-5	1.31161E-5	1.33282E-5	1.33165E-5	1.39235E-5	1.41522E-5	1.44789E-5	1.49721E-5	1.51216E-5	1.5492E-5	1.47989E-5	1.47235E-5	1.42707E-5	1.35477E-5
57	1.21164E-5	1.26982E-5	1.28793E-5	1.30234E-5	1.31038E-5	1.37585E-5	1.38849E-5	1.42737E-5	1.47265E-5	1.48215E-5	1.52038E-5	1.45447E-5	1.45045E-5	1.40758E-5	1.33906E-5
56.5	1.19182E-5	1.24461E-5	1.2643E-5	1.2809E-5	1.28923E-5	1.34946E-5	1.36207E-5	1.3978E-5	1.45069E-5	1.46798E-5	1.49877E-5	1.42673E-5	1.43056E-5	1.38726E-5	1.3188E-5
56	1.17028E-5	1.21992E-5	1.23952E-5	1.24749E-5	1.256E-5	1.32512E-5	1.33532E-5	1.3764E-5	1.43201E-5	1.44519E-5	1.47739E-5	1.40831E-5	1.41363E-5	1.36562E-5	1.30913E-5
55.5	1.14451E-5	1.19735E-5	1.21526E-5	1.23272E-5	1.24225E-5	1.30283E-5	1.31867E-5	1.35194E-5	1.40811E-5	1.42213E-5	1.45658E-5	1.37229E-5	1.39565E-5	1.34847E-5	1.28539E-5
55	1.121E-5	1.1738E-5	1.18908E-5	1.20842E-5	1.22097E-5	1.28648E-5	1.29051E-5	1.32335E-5	1.38963E-5	1.39459E-5	1.43009E-5	1.36328E-5	1.37592E-5	1.33258E-5	1.27116E-5
54.5	1.09939E-5	1.1469E-5	1.16553E-5	1.18194E-5	1.20367E-5	1.26173E-5	1.27245E-5	1.2986E-5	1.35939E-5	1.36445E-5	1.40552E-5	1.35046E-5	1.34866E-5	1.31011E-5	1.25645E-5
54	1.07498E-5	1.12855E-5	1.14673E-5	1.15722E-5	1.16923E-5	1.23669E-5	1.2479E-5	1.28113E-5	1.33722E-5	1.34477E-5	1.38136E-5	1.32729E-5	1.33075E-5	1.29417E-5	1.23507E-5
53.5	1.05738E-5	1.10814E-5	1.12813E-5	1.13656E-5	1.15889E-5	1.22484E-5	1.21625E-5	1.25957E-5	1.31338E-5	1.32559E-5	1.36145E-5	1.3049E-5	1.30182E-5	1.27514E-5	1.21948E-5
53	1.03515E-5	1.08509E-5	1.10739E-5	1.11716E-5	1.13377E-5	1.19585E-5	1.19653E-5	1.23078E-5	1.29326E-5	1.2968E-5	1.33E-5	1.29037E-5	1.27981E-5	1.25638E-5	1.19572E-5
52.5	1.01254E-5	1.0628E-5	1.08436E-5	1.09442E-5	1.11584E-5	1.16594E-5	1.17966E-5	1.21319E-5	1.27129E-5	1.27285E-5	1.31271E-5	1.2671E-5	1.26435E-5	1.23359E-5	1.18632E-5
52	9.8752E-6	1.03809E-5	1.05508E-5	1.07284E-5	1.08927E-5	1.14963E-5	1.15561E-5	1.19345E-5	1.25022E-5	1.25424E-5	1.28452E-5	1.24385E-5	1.24428E-5	1.22096E-5	1.17186E-5
51.5	9.7224E-6	1.01482E-5	1.03414E-5	1.04662E-5	1.06343E-5	1.12043E-5	1.12914E-5	1.16491E-5	1.22696E-5	1.22633E-5	1.27098E-5	1.22067E-5	1.22329E-5	1.19801E-5	1.14703E-5
51	9.5213E-6	9.9566E-6	1.01464E-5	1.03424E-5	1.04764E-5	1.1071E-5	1.1139E-5	1.14626E-5	1.20222E-5	1.20405E-5	1.24709E-5	1.19869E-5	1.20276E-5	1.18003E-5	1.13938E-5
50.5	9.3103E-6	9.7779E-6	9.9802E-6	1.01495E-5	1.02572E-5	1.09009E-5	1.08919E-5	1.12999E-5	1.17802E-5	1.18956E-5	1.22888E-5	1.17603E-5	1.17945E-5	1.1644E-5	1.11044E-5
50	9.1686E-6	9.5686E-6	9.8162E-6	9.9025E-6	1.00795E-5	1.07201E-5	1.07276E-5	1.10398E-5	1.16122E-5	1.16395E-5	1.20256E-5	1.1622E-5	1.15335E-5	1.14896E-5	1.09765E-5
49.5	8.96485E-6	9.3784E-6	9.6151E-6	9.7074E-6	9.8678E-6	1.05143E-5	1.05422E-5	1.08315E-5	1.14082E-5	1.14644E-5	1.18704E-5	1.14485E-5	1.14022E-5	1.13094E-5	1.07913E-5
49	8.75563E-6	9.2141E-6	9.4319E-6	9.5185E-6	9.6838E-6	1.02592E-5	1.03368E-5	1.06795E-5	1.12004E-5	1.12363E-5	1.17008E-5	1.13199E-5	1.12178E-5	1.11524E-5	1.06289E-5
48.5	8.54357E-6	8.94965E-6	9.2392E-6	9.362E-6	9.495E-6	1.00497E-5	1.01208E-5	1.04498E-5	1.09561E-5	1.10517E-5	1.14255E-5	1.10825E-5	1.10381E-5	1.08936E-5	1.05621E-5
48	8.35879E-6	8.84861E-6	9.08981E-6	9.1548E-6	9.2545E-6	9.8619E-6	9.9859E-6	1.02784E-5	1.07397E-5	1.08975E-5	1.11592E-5	1.09371E-5	1.08601E-5	1.0762E-5	1.0395E-5
47.5	8.22553E-6	8.67287E-6	8.8963E-6	9.0296E-6	9.1037E-6	9.6789E-6	9.7347E-6	1.00905E-5	1.04961E-5	1.06416E-5	1.10095E-5	1.06942E-5	1.06699E-5	1.06293E-5	1.01882E-5
47	7.9944E-6	8.46336E-6	8.70222E-6	8.81923E-6	8.88844E-6	9.473E-6	9.5586E-6	9.9352E-6	1.03467E-5	1.04393E-5	1.08018E-5	1.05725E-5	1.0556E-5	1.04162E-5	1.00704E-5
46.5	7.83925E-6	8.28652E-6	8.4788E-6	8.65375E-6	8.71524E-6	9.3291E-6	9.3711E-6	9.6842E-6	1.01651E-5	1.02642E-5	1.06314E-5	1.04054E-5	1.03929E-5	1.03123E-5	9.9047E-6
46	7.64597E-6	8.06613E-6	8.32725E-6	8.48532E-6	8.56162E-6	9.0931E-6	9.1358E-6	9.4908E-6	1.00073E-5	1.00755E-5	1.04375E-5	1.02202E-5	1.02426E-5	1.00776E-5	9.7535E-6
45.5	7.5329E-6	7.92583E-6	8.16726E-6	8.30191E-6	8.32647E-6	8.945E-6	8.9781E-6	9.3524E-6	9.7796E-6	9.8958E-6	1.02912E-5	9.9663E-6	1.00666E-5	9.946E-6	9.5834E-6
45	7.35889E-6	7.75328E-6	7.97815E-6	8.1009E-6	8.18542E-6	8.72451E-6	8.81215E-6	9.1257E-6	9.6242E-6	9.6973E-6	1.00969E-5	9.7743E-6	9.8802E-6	9.7431E-6	9.4853E-6
44.5	7.15498E-6	7.58983E-6	7.82027E-6	7.94762E-6	7.98995E-6	8.59676E-6	8.58271E-6	8.94613E-6	9.4278E-6	9.5314E-6	9.9195E-6	9.6118E-6	9.6685E-6	9.5797E-6	9.3161E-6
44	7.01615E-6	7.38587E-6	7.67173E-6	7.68177E-6	7.81128E-6	8.42998E-6	8.39489E-6	8.73488E-6	9.1787E-6	9.3561E-6	9.7186E-6	9.4668E-6	9.5332E-6	9.4434E-6	9.1907E-6
43.5	6.86657E-6	7.26322E-6	7.46565E-6	7.58531E-6	7.71198E-6	8.21097E-6	8.26777E-6	8.53783E-6	9.0152E-6	9.1489E-6	9.5199E-6	9.2798E-6	9.4073E-6	9.263E-6	8.99308E-6
43	6.69421E-6	7.06707E-6	7.33406E-6	7.35968E-6	7.48259E-6	8.04119E-6	8.10188E-6	8.41005E-6	8.88452E-6	9.0463E-6	9.3522E-6	9.1509E-6	9.2135E-6	9.1699E-6	8.8643E-6
42.5	6.54659E-6	6.9538E-6	7.14842E-6	7.20824E-6	7.33623E-6	7.82028E-6	7.90762E-6	8.26416E-6	8.72088E-6	8.92314E-6	9.1794E-6	8.9578E-6	9.0514E-6	9.026E-6	8.75092E-6
42	6.3771E-6	6.81519E-6	7.03423E-6	7.05558E-6	7.19605E-6	7.66745E-6	7.72074E-6	8.06747E-6	8.50106E-6	8.74666E-6	8.96814E-6	8.8E-6	8.87808E-6	8.86762E-6	8.49203E-6
41.5	6.27368E-6	6.63152E-6	6.83275E-6	6.92902E-6	7.03263E-6	7.5712E-6	7.58133E-6	7.88665E-6	8.35169E-6	8.5788E-6	8.8253E-6	8.68524E-6	8.73926E-6	8.71693E-6	8.38463E-6
41	6.0783E-6	6.46836E-6	6.68505E-6	6.71274E-6	6.87613E-6	7.33378E-6	7.43373E-6	7.71938E-6	8.21071E-6	8.39641E-6	8.7229E-6	8.40939E-6	8.58001E-6	8.57697E-6	8.24596E-6
40.5	5.94565E-6	6.30403E-6	6.53782E-6	6.58443E-6	6.72063E-6	7.17948E-6	7.25743E-6	7.54196E-6	8.02522E-6	8.2238E-6	8.51616E-6	8.19554E-6	8.38134E-6	8.43021E-6	8.02779E-6
40	5.80512E-6	6.15204E-6	6.36435E-6	6.42145E-6	6.59897E-6	7.00954E-6	7.11122E-6	7.41224E-6	7.90305E-6	8.04723E-6	8.38282E-6	8.0196E-6	8.2286E-6	8.24003E-6	7.89625E-6
39.5	5.70444E-6	6.05237E-6	6.22009E-6	6.28056E-6	6.443E-6	6.87856E-6	6.95636E-6	7.28414E-6	7.74608E-6	7.87414E-6	8.21684E-6	7.83247E-6	8.11645E-6	8.06975E-6	7.8195E-6
39	5.55816E-6	5.89356E-6	6.07287E-6	6.13467E-6	6.30361E-6	6.71225E-6	6.81506E-6	7.09487E-6	7.54398E-6	7.67319E-6	8.04033E-6	7.6909E-6	7.95769E-6	7.94331E-6	7.7089E-6
38.5	5.40196E-6	5.76477E-6	5.91367E-6	6.00959E-6	6.17873E-6	6.57773E-6	6.65815E-6	6.93534E-6	7.39791E-6	7.52816E-6	7.85881E-6	7.57198E-6	7.78477E-6	7.79074E-6	7.49088E-6
38	5.28243E-6	5.5749E-6	5.7403E-6	5.843E-6	6.0371E-6	6.43505E-6	6.57341E-6	6.77333E-6	7.21376E-6	7.34324E-6	7.69925E-6	7.44276E-6	7.60782E-6	7.66488E-6	7.40749E-6
37.5	5.14117E-6	5.45288E-6	5.66467E-6	5.70508E-6	5.87729E-6	6.30078E-6	6.36172E-6	6.63645E-6	7.09984E-6	7.20101E-6	7.52843E-6	7.28775E-6	7.45621E-6	7.48789E-6	7.24205E-6
37	5.03399E-6	5.29737E-6	5.50483E-6	5.58813E-6	5.75496E-6	6.14762E-6	6.22812E-6	6.46657E-6	6.86884E-6	7.0406E-6	7.37129E-6	7.18462E-6	7.3499E-6	7.36591E-6	7.10225E-6
36.5	4.8882E-6	5.20034E-6	5.41584E-6	5.46849E-6	5.62301E-6	5.96521E-6	6.05823E-6	6.30802E-6	6.77696E-6	6.89366E-6	7.19855E-6	7.02194E-6	7.22813E-6	7.23479E-6	6.96957E-6
36	4.7621E-6	5.0853E-6	5.29733E-6	5.33352E-6	5.45623E-6	5.86205E-6	5.93013E-6	6.13098E-6	6.58674E-6	6.76002E-6	7.04983E-6	6.82031E-6	7.08456E-6	7.08123E-6	6.87213E-6
35.5	4.67738E-6	4.94651E-6	5.14664E-6	5.16849E-6	5.32661E-6	5.76795E-6	5.81676E-6	6.02039E-6	6.47562E-6	6.60852E-6	6.88746E-6	6.71468E-6	6.90276E-6	6.92197E-6	6.79273E-6
35	4.51745E-6	4.85491E-6	5.02712E-6	5.08443E-6	5.15424E-6	5.58053E-6	5.69615E-6	5.86799E-6	6.31853E-6	6.4609E-6	6.7621E-6	6.53409E-6	6.79541E-6	6.76572E-6	6.59486E-6
34.5	4.4021E-6	4.68532E-6	4.89387E-6	4.91639E-6	5.02051E-6	5.512E-6	5.53377E-6	5.73897E-6	6.2018E-6	6.30746E-6	6.65323E-6	6.38117E-6	6.60874E-6	6.63358E-6	6.48379E-6
34	4.28873E-6	4.5631E-6	4.73894E-6	4.78889E-6	4.93317E-6	5.36877E-6	5.3909E-6	5.62791E-6	6.04834E-6	6.21249E-6	6.45903E-6	6.24239E-6	6.46903E-6	6.54245E-6	6.41078E-6
33.5	4.20444E-6	4.43853E-6	4.64659E-6	4.64973E-6	4.80842E-6	5.23148E-6	5.26813E-6	5.51305E-6	5.92613E-6	6.0829E-6	6.26469E-6	6.12138E-6	6.39955E-6	6.41771E-6	6.27951E-6
33	4.05962E-6	4.345E-6	4.55803E-6	4.53005E-6	4.71109E-6	5.07765E-6	5.14366E-6	5.3645E-6	5.80096E-6	5.89016E-6	6.14489E-6	5.95674E-6	6.23476E-6	6.28745E-6	6.14787E-6
32.5	3.94173E-6	4.22413E-6	4.43981E-6	4.39995E-6	4.52198E-6	4.96291E-6	5.04356E-6	5.2645E-6	5.67959E-6	5.79609E-6	6.01105E-6	5.83749E-6	6.10063E-6	6.1481E-6	6.05584E-6
32	3.84897E-6	4.12913E-6	4.31557E-6	4.30001E-6	4.45207E-6	4.82703E-6	4.88808E-6	5.1541E-6	5.53466E-6	5.65488E-6	5.89014E-6	5.66757E-6	5.90977E-6	6.02828E-6	5.99425E-6
31.5	3.74159E-6	4.02631E-6	4.2023E-6	4.22176E-6	4.31281E-6	4.72654E-6	4.75472E-6	5.00942E-6	5.42536E-6	5.4854E-6	5.72412E-6	5.55806E-6	5.83847E-6	5.89066E-6	5.86171E-6
31	3.61319E-6	3.92774E-6	4.11593E-6	4.13077E-6	4.15775E-6	4.57186E-6	4.63076E-6	4.85562E-6	5.28666E-6	5.3531E-6	5.62307E-6	5.42282E-6	5.69788E-6	5.73918E-6	5.71699E-6
30.5	3.49606E-6	3.83158E-6	4.04318E-6	4.02271E-6	4.12855E-6	4.44835E-6	4.5182E-6	4.72087E-6	5.14892E-6	5.21052E-6	5.46332E-6	5.24469E-6	5.58659E-6	5.64826E-6	5.62633E-6
30	3.39637E-6	3.71232E-6	3.87264E-6	3.92132E-6	3.99685E-6	4.30774E-6	4.35488E-6	4.5975E-6	5.02961E-6	5.10025E-6	5.34977E-6	5.15307E-6	5.49451E-6	5.486E-6	5.47066E-6
29.5	3.27891E-6	3.60376E-6	3.76112E-6	3.75713E-6	3.87287E-6	4.22017E-6	4.26284E-6	4.49818E-6	4.87868E-6	4.97346E-6	5.22063E-6	5.00037E-6	5.35999E-6	5.34075E-6	5.33345E-6
29	3.21502E-6	3.48449E-6	3.67901E-6	3.65758E-6	3.71382E-6	4.06102E-6	4.11644E-6	4.40222E-6	4.76485E-6	4.80034E-6	5.07413E-6	4.91958E-6	5.26744E-6	5.23043E-6	5.28703E-6
28.5	3.11222E-6	3.37262E-6	3.56249E-6	3.58904E-6	3.65963E-6	3.95774E-6	4.01763E-6	4.26568E-6	4.66125E-6	4.72167E-6	4.97298E-6	4.81654E-6	5.16319E-6	5.09757E-6	5.16479E-6
28	3.01539E-6	3.28152E-6	3.47609E-6	3.52612E-6	3.55264E-6	3.85447E-6	3.914E-6	4.17522E-6	4.4982E-6	4.5862E-6	4.84808E-6	4.68E-6	5.01162E-6	4.99942E-6	5.09612E-6
27.5	2.94156E-6	3.19083E-6	3.34214E-6	3.41345E-6	3.47499E-6	3.7546E-6	3.83412E-6	4.06725E-6	4.42091E-6	4.49778E-6	4.69284E-6	4.54479E-6	4.92012E-6	4.87354E-6	4.96126E-6
27	2.81496E-6	3.0853E-6	3.2764E-6	3.31071E-6	3.41969E-6	3.65539E-6	3.7335E-6	3.92575E-6	4.27755E-6	4.35885E-6	4.61374E-6	4.42282E-6	4.77864E-6	4.79157E-6	4.81224E-6
26.5	2.73071E-6	3.00878E-6	3.15535E-6	3.20714E-6	3.2613E-6	3.52707E-6	3.60926E-6	3.82687E-6	4.16686E-6	4.20643E-6	4.50021E-6	4.31472E-6	4.64766E-6	4.61875E-6	4.73023E-6
26	2.6443E-6	2.91415E-6	3.0764E-6	3.10373E-6	3.16358E-6	3.43586E-6	3.49303E-6	3.72618E-6	4.01025E-6	4.1008E-6	4.36644E-6	4.20324E-6	4.546E-6	4.48538E-6	4.66612E-6
25.5	2.54632E-6	2.81609E-6	2.99978E-6	3.02086E-6	3.06503E-6	3.34093E-6	3.39516E-6	3.60709E-6	3.92655E-6	4.00558E-6	4.2408E-6	4.1444E-6	4.42338E-6	4.4011E-6	4.48978E-6
25	2.46536E-6	2.7356E-6	2.90587E-6	2.91819E-6	2.94777E-6	3.2616E-6	3.2706E-6	3.46835E-6	3.80901E-6	3.92564E-6	4.10803E-6	4.00091E-6	4.30511E-6	4.32895E-6	4.37742E-6
24.5	2.38571E-6	2.64277E-6	2.7792E-6	2.84888E-6	2.87056E-6	3.13721E-6	3.20536E-6	3.41546E-6	3.70053E-6	3.85033E-6	4.03556E-6	3.86541E-6	4.20565E-6	4.1937E-6	4.26918E-6
24	2.32105E-6	2.56181E-6	2.71406E-6	2.73586E-6	2.77496E-6	3.067E-6	3.10745E-6	3.29354E-6	3.62478E-6	3.73647E-6	3.91036E-6	3.79624E-6	4.1693E-6	4.121E-6	4.18074E-6
23.5	2.23445E-6	2.49208E-6	2.60641E-6	2.66434E-6	2.66006E-6	2.96826E-6	2.99702E-6	3.21335E-6	3.49074E-6	3.63457E-6	3.80336E-6	3.67455E-6	4.07754E-6	4.03157E-6	4.08914E-6
23	2.15073E-6	2.37219E-6	2.52755E-6	2.56978E-6	2.59839E-6	2.84631E-6	2.90822E-6	3.06815E-6	3.39742E-6	3.54036E-6	3.66925E-6	3.59383E-6	3.98048E-6	3.93513E-6	3.97966E-6
22.5	2.06425E-6	2.26999E-6	2.41696E-6	2.47923E-6	2.48295E-6	2.73951E-6	2.82433E-6	2.99991E-6	3.27353E-6	3.44026E-6	3.60072E-6	3.45988E-6	3.89435E-6	3.8226E-6	3.86653E-6
22	1.98746E-6	2.1961E-6	2.32073E-6	2.37168E-6	2.39879E-6	2.69307E-6	2.74325E-6	2.90749E-6	3.17322E-6	3.33432E-6	3.51033E-6	3.34914E-6	3.77953E-6	3.73003E-6	3.7463E-6
21.5	1.91512E-6	2.13287E-6	2.25834E-6	2.28221E-6	2.34211E-6	2.58148E-6	2.64717E-6	2.81526E-6	3.11903E-6	3.25393E-6	3.41431E-6	3.28925E-6	3.66899E-6	3.66331E-6	3.68222E-6
21	1.86511E-6	2.06745E-6	2.19118E-6	2.21156E-6	2.28377E-6	2.52103E-6	2.56312E-6	2.71743E-6	3.0059E-6	3.14456E-6	3.27745E-6	3.15994E-6	3.62677E-6	3.5759E-6	3.61935E-6
20.5	1.76191E-6	1.97425E-6	2.09306E-6	2.13751E-6	2.18939E-6	2.40505E-6	2.4489E-6	2.64677E-6	2.92008E-6	3.04476E-6	3.17526E-6	3.05463E-6	3.48468E-6	3.49038E-6	3.50962E-6
20	1.7149E-6	1.92795E-6	2.02194E-6	2.05091E-6	2.12097E-6	2.32684E-6	2.35533E-6	2.53278E-6	2.83406E-6	2.94876E-6	3.04675E-6	2.98044E-6	3.43874E-6	3.38911E-6	3.43309E-6
19.5	1.65033E-6	1.84165E-6	1.97843E-6	1.99762E-6	2.03089E-6	2.284E-6	2.30003E-6	2.4383E-6	2.74013E-6	2.84731E-6	2.95386E-6	2.84692E-6	3.30849E-6	3.30825E-6	3.31229E-6
19	1.60696E-6	1.78845E-6	1.91009E-6	1.92538E-6	1.94264E-6	2.20738E-6	2.22813E-6	2.36266E-6	2.63897E-6	2.74168E-6	2.86963E-6	2.7784E-6	3.22536E-6	3.18873E-6	3.30429E-6
18.5	1.53601E-6	1.71806E-6	1.82191E-6	1.83138E-6	1.88353E-6	2.10026E-6	2.13956E-6	2.29985E-6	2.55738E-6	2.67539E-6	2.78317E-6	2.68032E-6	3.15871E-6	3.1233E-6	3.24471E-6
18	1.4709E-6	1.65597E-6	1.77934E-6	1.77628E-6	1.79195E-6	2.04623E-6	2.0741E-6	2.2067E-6	2.46389E-6	2.58697E-6	2.70737E-6	2.59748E-6	3.08017E-6	3.0377E-6	3.13907E-6
17.5	1.42402E-6	1.58567E-6	1.68161E-6	1.69225E-6	1.76329E-6	1.96799E-6	1.99976E-6	2.13007E-6	2.40594E-6	2.52929E-6	2.61916E-6	2.50637E-6	2.99213E-6	2.96048E-6	3.06515E-6
17	1.36706E-6	1.51495E-6	1.58979E-6	1.66277E-6	1.68116E-6	1.88748E-6	1.90954E-6	2.05695E-6	2.30556E-6	2.42011E-6	2.52184E-6	2.46043E-6	2.89402E-6	2.88648E-6	3.01377E-6
16.5	1.31585E-6	1.46961E-6	1.52114E-6	1.58848E-6	1.63284E-6	1.81326E-6	1.83774E-6	1.98816E-6	2.24928E-6	2.33072E-6	2.46376E-6	2.36489E-6	2.80381E-6	2.75769E-6	2.95478E-6
16	1.26254E-6	1.42E-6	1.47377E-6	1.51995E-6	1.55841E-6	1.72786E-6	1.7872E-6	1.9163E-6	2.15451E-6	2.2414E-6	2.36078E-6	2.26784E-6	2.71963E-6	2.70851E-6	2.83352E-6
15.5	1.20772E-6	1.34686E-6	1.40888E-6	1.44567E-6	1.48145E-6	1.66965E-6	1.73698E-6	1.84867E-6	2.07211E-6	2.19342E-6	2.28788E-6	2.2451E-6	2.65139E-6	2.64715E-6	2.77694E-6
15	1.15195E-6	1.27934E-6	1.35882E-6	1.3852E-6	1.44477E-6	1.62927E-6	1.64818E-6	1.76442E-6	2.00027E-6	2.09151E-6	2.19413E-6	2.16083E-6	2.56816E-6	2.60155E-6	2.71404E-6
14.5	1.09947E-6	1.24012E-6	1.29519E-6	1.33281E-6	1.39042E-6	1.56018E-6	1.59452E-6	1.70045E-6	1.93229E-6	2.0202E-6	2.12589E-6	2.06484E-6	2.45881E-6	2.54165E-6	2.65933E-6
14	1.0533E-6	1.20322E-6	1.24808E-6	1.30889E-6	1.3446E-6	1.48969E-6	1.52056E-6	1.61801E-6	1.85493E-6	1.97241E-6	2.04912E-6	2.00527E-6	2.41304E-6	2.46667E-6	2.58298E-6
13.5	9.9831E-7	1.16705E-6	1.18699E-6	1.24347E-6	1.29416E-6	1.47203E-6	1.47169E-6	1.54939E-6	1.78846E-6	1.8946E-6	1.98211E-6	1.9495E-6	2.33571E-6	2.39895E-6	2.50871E-6
13	9.5887E-7	1.10282E-6	1.14124E-6	1.18769E-6	1.25161E-6	1.40863E-6	1.41083E-6	1.47858E-6	1.73247E-6	1.84859E-6	1.91696E-6	1.88523E-6	2.24662E-6	2.32659E-6	2.42154E-6
12.5	9.2052E-7	1.05179E-6	1.0876E-6	1.14242E-6	1.17992E-6	1.33669E-6	1.36605E-6	1.42868E-6	1.6733E-6	1.75386E-6	1.8332E-6	1.79674E-6	2.20754E-6	2.23927E-6	2.34391E-6
12	8.77093E-7	9.9947E-7	1.03836E-6	1.07195E-6	1.13862E-6	1.2844E-6	1.32169E-6	1.387E-6	1.60624E-6	1.70416E-6	1.75212E-6	1.74503E-6	2.12942E-6	2.14766E-6	2.28507E-6
11.5	8.27554E-7	9.6631E-7	1.00343E-6	1.04043E-6	1.08656E-6	1.20724E-6	1.24669E-6	1.32255E-6	1.55632E-6	1.626E-6	1.70122E-6	1.68201E-6	2.0572E-6	2.10231E-6	2.19433E-6
11	8.06642E-7	9.1637E-7	9.5961E-7	9.9742E-7	1.0587E-6	1.18408E-6	1.21003E-6	1.26228E-6	1.49704E-6	1.56681E-6	1.62703E-6	1.61673E-6	1.98912E-6	2.0523E-6	2.10831E-6
10.5	7.57081E-7	8.7178E-7	9.1512E-7	9.6035E-7	1.00654E-6	1.1375E-6	1.16527E-6	1.2202E-6	1.41541E-6	1.515E-6	1.54113E-6	1.55015E-6	1.93176E-6	1.99522E-6	2.05142E-6
10	7.24671E-7	8.33142E-7	8.63444E-7	9.1149E-7	9.6973E-7	1.09762E-6	1.1165E-6	1.16107E-6	1.36716E-6	1.47824E-6	1.48091E-6	1.46191E-6	1.84889E-6	1.92872E-6	2.02497E-6
9.5	6.87193E-7	8.05265E-7	8.28391E-7	8.66469E-7	9.156E-7	1.03187E-6	1.06707E-6	1.11484E-6	1.31495E-6	1.40877E-6	1.40611E-6	1.42461E-6	1.80253E-6	1.89241E-6	1.96216E-6
9	6.51257E-7	7.68646E-7	7.89034E-7	8.2422E-7	8.6206E-7	9.8704E-7	1.02063E-6	1.05452E-6	1.26075E-6	1.34597E-6	1.36187E-6	1.35915E-6	1.76137E-6	1.7863E-6	1.90875E-6
8.5	6.19529E-7	7.28402E-7	7.47179E-7	7.77005E-7	8.35956E-7	9.6731E-7	9.6961E-7	1.02223E-6	1.21121E-6	1.29984E-6	1.31002E-6	1.30451E-6	1.71675E-6	1.75397E-6	1.82185E-6
8	5.97847E-7	6.94495E-7	7.19018E-7	7.46725E-7	7.87569E-7	9.1175E-7	9.3577E-7	9.7387E-7	1.15424E-6	1.22944E-6	1.25223E-6	1.2635E-6	1.63493E-6	1.71888E-6	1.77223E-6
7.5	5.65867E-7	6.70375E-7	6.87126E-7	7.20898E-7	7.53197E-7	8.80133E-7	8.85133E-7	9.3668E-7	1.11221E-6	1.18582E-6	1.19057E-6	1.22293E-6	1.57877E-6	1.6651E-6	1.69639E-6
7	5.47168E-7	6.31549E-7	6.5175E-7	6.86611E-7	7.2549E-7	8.31402E-7	8.382E-7	8.9725E-7	1.05943E-6	1.13723E-6	1.14167E-6	1.17198E-6	1.53302E-6	1.60525E-6	1.64486E-6
6.5	5.12635E-7	6.0296E-7	6.20651E-7	6.40961E-7	6.92532E-7	8.03049E-7	7.95067E-7	8.63153E-7	1.01162E-6	1.09432E-6	1.09323E-6	1.1288E-6	1.48617E-6	1.55409E-6	1.62009E-6
6	4.93137E-7	5.62756E-7	5.89205E-7	5.92563E-7	6.7548E-7	7.55083E-7	7.36614E-7	8.25551E-7	9.5242E-7	1.04667E-6	1.0341E-6	1.07669E-6	1.46123E-6	1.51553E-6	1.56003E-6
5.5	4.59585E-7	5.35257E-7	5.63282E-7	5.74374E-7	6.28735E-7	7.18089E-7	7.06154E-7	7.80856E-7	9.1789E-7	9.9121E-7	9.7641E-7	1.03517E-6	1.38888E-6	1.44682E-6	1.51132E-6
5	4.34956E-7	5.16293E-7	5.29955E-7	5.48569E-7	5.96173E-7	6.81915E-7	6.79199E-7	7.39858E-7	8.7912E-7	9.5816E-7	9.3431E-7	9.9419E-7	1.34759E-6	1.41458E-6	1.46691E-6
4.5	4.05747E-7	4.81031E-7	5.03325E-7	5.29116E-7	5.65829E-7	6.46931E-7	6.36025E-7	7.00681E-7	8.29638E-7	8.85335E-7	8.9969E-7	9.5906E-7	1.31137E-6	1.33786E-6	1.42323E-6
4	3.90329E-7	4.598E-7	4.7754E-7	4.87798E-7	5.52526E-7	6.15611E-7	6.05639E-7	6.6245E-7	8.05935E-7	8.40623E-7	8.60979E-7	9.3222E-7	1.2671E-6	1.30362E-6	1.36233E-6
3.5	3.72471E-7	4.3464E-7	4.51616E-7	4.68662E-7	5.18806E-7	5.68299E-7	5.80159E-7	6.24E-7	7.4616E-7	7.95909E-7	8.09952E-7	8.82803E-7	1.21199E-6	1.26189E-6	1.33502E-6
3	3.46362E-7	4.11784E-7	4.35631E-7	4.46382E-7	4.94255E-7	5.59214E-7	5.46755E-7	5.96965E-7	7.0434E-7	7.66969E-7	7.63357E-7	8.39457E-7	1.17651E-6	1.23267E-6	1.29852E-6
2.5	3.24023E-7	3.97434E-7	4.03235E-7	4.26159E-7	4.64807E-7	5.28609E-7	5.44388E-7	5.65074E-7	6.75763E-7	7.31088E-7	7.33165E-7	7.92485E-7	1.12634E-6	1.16235E-6	1.24787E-6
2	3.05993E-7	3.65172E-7	3.80762E-7	3.9712E-7	4.30189E-7	5.22499E-7	5.06742E-7	5.33001E-7	6.40132E-7	6.81275E-7	6.85834E-7	7.39598E-7	1.09135E-6	1.13812E-6	1.23947E-6
1.5	2.81863E-7	3.38552E-7	3.52629E-7	3.72994E-7	4.07777E-7	4.75772E-7	4.79738E-7	5.03881E-7	6.03007E-7	6.5249E-7	6.45002E-7	7.16938E-7	1.05836E-6	1.10811E-6	1.16475E-6
1	2.64223E-7	3.16576E-7	3.38424E-7	3.55081E-7	3.85073E-7	4.41878E-7	4.54595E-7	4.80866E-7	5.70913E-7	6.14879E-7	6.19925E-7	6.92555E-7	1.02669E-6	1.07103E-6	1.13962E-6
0.5	2.44579E-7	2.97398E-7	3.1231E-7	3.24363E-7	3.57212E-7	4.17542E-7	4.16065E-7	4.49232E-7	5.50401E-7	5.83848E-7	5.85407E-7	6.56563E-7	1.0323E-6	1.03779E-6	1.08799E-6
-4E-7	2.34264E-7	2.88826E-7	2.86788E-7	3.09679E-7	3.33361E-7	3.95511E-7	3.9289E-7	4.28277E-7	5.24119E-7	5.59695E-7	5.55959E-7	6.1462E-7	9.4724E-7	9.8721E-7	1.05905E-6
-0.5	2.15695E-7	2.69938E-7	2.7575E-7	2.93124E-7	3.26272E-7	3.64685E-7	3.60504E-7	4.02675E-7	4.95352E-7	5.2355E-7	5.24298E-7	5.85577E-7	9.2821E-7	9.6398E-7	1.01237E-6
-1	2.03142E-7	2.43165E-7	2.57321E-7	2.77808E-7	2.9578E-7	3.47858E-7	3.52299E-7	3.76778E-7	4.65285E-7	4.96936E-7	4.96371E-7	5.50488E-7	9.1098E-7	9.4769E-7	9.8773E-7
-1.5	1.91675E-7	2.25591E-7	2.37117E-7	2.59005E-7	2.82758E-7	3.19644E-7	3.26036E-7	3.54698E-7	4.48489E-7	4.60184E-7	4.6029E-7	5.26624E-7	8.6942E-7	8.9521E-7	9.5465E-7
-2	1.74204E-7	2.07053E-7	2.20173E-7	2.42252E-7	2.63135E-7	2.9982E-7	3.08688E-7	3.30869E-7	4.22534E-7	4.51636E-7	4.31489E-7	4.90065E-7	8.4848E-7	8.60244E-7	9.375E-7
-2.5	1.65143E-7	1.90088E-7	2.06453E-7	2.26828E-7	2.46488E-7	2.74583E-7	2.93307E-7	3.13766E-7	3.95648E-7	4.17566E-7	4.11874E-7	4.72469E-7	8.22046E-7	8.24098E-7	8.8805E-7
-3	1.47381E-7	1.85326E-7	1.92584E-7	2.17001E-7	2.28785E-7	2.59967E-7	2.68294E-7	2.93402E-7	3.62542E-7	3.91617E-7	3.86114E-7	4.35578E-7	8.06039E-7	7.81282E-7	8.60309E-7
-3.5	1.38818E-7	1.76342E-7	1.79302E-7	1.96329E-7	2.11483E-7	2.46584E-7	2.56281E-7	2.73954E-7	3.46013E-7	3.50885E-7	3.63388E-7	4.18915E-7	7.67235E-7	7.65302E-7	8.01287E-7
-4	1.27275E-7	1.51187E-7	1.7178E-7	1.8088E-7	2.03179E-7	2.25603E-7	2.39558E-7	2.53478E-7	3.2683E-7	3.34981E-7	3.36967E-7	3.94939E-7	7.41235E-7	7.40006E-7	8.03619E-7
-4.5	1.14978E-7	1.40634E-7	1.54314E-7	1.67912E-7	1.82971E-7	2.08555E-7	2.19052E-7	2.36293E-7	3.05662E-7	3.0851E-7	3.12149E-7	3.77266E-7	7.18949E-7	7.21435E-7	7.83446E-7
-5	1.04057E-7	1.31095E-7	1.43085E-7	1.53894E-7	1.71734E-7	1.96811E-7	2.0489E-7	2.2051E-7	2.8568E-7	2.9668E-7	3.0036E-7	3.6404E-7	6.83332E-7	7.06109E-7	7.41357E-7
-5.5	9.573E-8	1.24168E-7	1.31894E-7	1.49779E-7	1.5742E-7	1.80567E-7	1.90395E-7	2.0886E-7	2.68447E-7	2.68137E-7	2.829E-7	3.33575E-7	6.64891E-7	6.83731E-7	6.93099E-7
-6	8.6975E-8	1.12732E-7	1.21817E-7	1.3523E-7	1.44965E-7	1.68836E-7	1.72817E-7	1.92421E-7	2.50788E-7	2.52937E-7	2.55838E-7	3.1855E-7	6.36539E-7	6.45758E-7	6.88069E-7
-6.5	7.7375E-8	1.00653E-7	1.15124E-7	1.21247E-7	1.34552E-7	1.5203E-7	1.67322E-7	1.75695E-7	2.37605E-7	2.40832E-7	2.42254E-7	2.97062E-7	6.15542E-7	6.17925E-7	6.58442E-7
-7	7.1293E-8	9.5342E-8	1.04991E-7	1.12832E-7	1.24472E-7	1.40674E-7	1.52553E-7	1.60643E-7	2.18242E-7	2.23239E-7	2.22322E-7	2.75999E-7	5.90513E-7	5.97281E-7	6.32948E-7
-7.5	6.574E-8	8.4666E-8	9.055E-8	1.03188E-7	1.14739E-7	1.34162E-7	1.43746E-7	1.51812E-7	1.99609E-7	2.06224E-7	2.08714E-7	2.48788E-7	5.63909E-7	5.62305E-7	6.01269E-7
-8	5.649E-8	7.5238E-8	8.4833E-8	9.2156E-8	1.07007E-7	1.23866E-7	1.29755E-7	1.39294E-7	1.88553E-7	1.96176E-7	1.94686E-7	2.33828E-7	5.29512E-7	5.38565E-7	5.74492E-7
-8.5	5.2833E-8	6.7122E-8	7.6291E-8	8.9566E-8	9.6579E-8	1.14845E-7	1.19901E-7	1.29916E-7	1.72485E-7	1.79336E-7	1.79531E-7	2.33395E-7	5.01818E-7	5.25841E-7	5.50002E-7
-9	4.672E-8	6.4165E-8	6.9842E-8	8.1541E-8	8.7845E-8	1.10598E-7	1.1186E-7	1.17737E-7	1.60411E-7	1.64221E-7	1.66142E-7	2.14734E-7	5.0648E-7	5.20365E-7	5.33267E-7
-9.5	4.1631E-8	5.7688E-8	6.2925E-8	7.3743E-8	8.0539E-8	9.4755E-8	1.04555E-7	1.07345E-7	1.47693E-7	1.42451E-7	1.53355E-7	1.89249E-7	4.61936E-7	4.77122E-7	4.97128E-7
-10	3.7677E-8	4.9748E-8	5.9297E-8	6.3984E-8	7.7085E-8	8.5233E-8	9.2421E-8	9.838E-8	1.37444E-7	1.32058E-7	1.40492E-7	1.79809E-7	4.4432E-7	4.60389E-7	4.84866E-7
-10.5	3.2755E-8	4.4161E-8	5.1725E-8	6.0112E-8	6.6726E-8	8.1486E-8	8.6628E-8	9.3528E-8	1.29155E-7	1.25936E-7	1.30498E-7	1.65258E-7	4.31314E-7	4.53006E-7	4.65512E-7
-11	2.7847E-8	3.8764E-8	4.4584E-8	5.0926E-8	6.1301E-8	7.2661E-8	7.8448E-8	8.5069E-8	1.20477E-7	1.16557E-7	1.19113E-7	1.63587E-7	4.0818E-7	4.30073E-7	4.41807E-7
-11.5	2.5167E-8	3.5183E-8	3.9691E-8	4.6415E-8	5.4692E-8	6.4173E-8	7.1407E-8	7.6683E-8	1.11322E-7	1.09601E-7	1.0647E-7	1.5036E-7	4.01333E-7	4.1154E-7	4.35745E-7
-12	2.2855E-8	3.0986E-8	3.6212E-8	4.3015E-8	4.8458E-8	5.89E-8	6.4131E-8	6.9897E-8	1.01237E-7	9.5892E-8	9.789E-8	1.38817E-7	3.70675E-7	3.76596E-7	4.17168E-7
-12.5	1.9658E-8	2.8119E-8	3.3072E-8	3.8087E-8	4.2361E-8	5.3613E-8	5.8379E-8	6.1952E-8	9.2465E-8	8.733E-8	9.0356E-8	1.24076E-7	3.57568E-7	3.819E-7	4.02961E-7
-13	1.6139E-8	2.4609E-8	2.7921E-8	3.3647E-8	3.8749E-8	4.9296E-8	5.3369E-8	5.5574E-8	8.5024E-8	7.9065E-8	8.4911E-8	1.15663E-7	3.45551E-7	3.63886E-7	3.82884E-7
-13.5	1.3516E-8	2.2482E-8	2.5612E-8	2.9535E-8	3.3938E-8	4.1841E-8	4.8095E-8	5.0771E-8	7.7317E-8	7.2577E-8	7.5153E-8	1.07411E-7	3.31211E-7	3.54184E-7	3.61519E-7
-14	1.2482E-8	1.9604E-8	2.1431E-8	2.5787E-8	3.1387E-8	3.8388E-8	4.1752E-8	4.5158E-8	6.8296E-8	6.7726E-8	6.8747E-8	9.5217E-8	3.15027E-7	3.35706E-7	3.48789E-7
-14.5	1.0385E-8	1.7176E-8	1.9301E-8	2.3045E-8	2.6971E-8	3.4135E-8	3.8253E-8	4.0547E-8	5.9536E-8	6.0884E-8	5.8811E-8	8.9295E-8	2.97815E-7	3.10461E-7	3.2318E-7
-15	8.809E-9	1.4163E-8	1.7364E-8	2.0218E-8	2.3077E-8	3.2411E-8	3.3359E-8	3.6485E-8	5.608E-8	5.2745E-8	5.4314E-8	7.7223E-8	2.85497E-7	3.03471E-7	3.13902E-7
-15.50001	7.055E-9	1.2746E-8	1.4996E-8	1.785E-8	2.0427E-8	2.7417E-8	2.868E-8	3.212E-8	5.045E-8	4.671E-8	4.8657E-8	7.1143E-8	2.76967E-7	2.84517E-7	2.82594E-7
-16	6.127E-9	1.0014E-8	1.3019E-8	1.5685E-8	1.7551E-8	2.3774E-8	2.5945E-8	2.5522E-8	4.6589E-8	4.2139E-8	4.4337E-8	6.6299E-8	2.59356E-7	2.73877E-7	2.73373E-7
-16.5	4.987E-9	8.058E-9	1.0186E-8	1.2995E-8	1.5466E-8	2.026E-8	2.3271E-8	2.3909E-8	4.0451E-8	3.7814E-8	3.8799E-8	5.9774E-8	2.47946E-7	2.6488E-7	2.51072E-7
-17	3.863E-9	6.649E-9	9.119E-9	1.0904E-8	1.3181E-8	1.7834E-8	1.992E-8	2.1856E-8	3.7541E-8	3.4824E-8	3.5135E-8	5.3989E-8	2.27495E-7	2.57194E-7	2.36867E-7
-17.5	3.368E-9	5.484E-9	7.012E-9	9.775E-9	1.17E-8	1.535E-8	1.7754E-8	1.8176E-8	3.3497E-8	2.9449E-8	2.8753E-8	4.6815E-8	2.15111E-7	2.40818E-7	2.30699E-7
-18	2.562E-9	4.38E-9	6.135E-9	7.501E-9	1.0276E-8	1.3374E-8	1.494E-8	1.6032E-8	2.9595E-8	2.6439E-8	2.6233E-8	4.3544E-8	2.04643E-7	2.31478E-7	2.20727E-7
-18.5	1.858E-9	3.398E-9	4.897E-9	6.738E-9	9.112E-9	1.16E-8	1.3166E-8	1.3296E-8	2.5777E-8	2.5082E-8	2.4574E-8	3.9361E-8	1.95255E-7	2.17482E-7	1.9953E-7
-19	1.458E-9	2.724E-9	4.363E-9	5.659E-9	7.44E-9	9.986E-9	1.1162E-8	1.0334E-8	2.2679E-8	2.0808E-8	2.0941E-8	3.5206E-8	1.89644E-7	2.06304E-7	1.90678E-7
-19.5	1.116E-9	2.162E-9	3.133E-9	4.694E-9	5.349E-9	8.242E-9	9.78E-9	8.718E-9	2.0424E-8	1.8165E-8	1.877E-8	3.307E-8	1.81048E-7	2.05899E-7	1.81653E-7
-20	8.84E-10	1.796E-9	2.653E-9	3.718E-9	4.6E-9	7.336E-9	7.75E-9	7.312E-9	1.7627E-8	1.5413E-8	1.5625E-8	2.9321E-8	1.77798E-7	1.93211E-7	1.73092E-7
-20.5	6.29E-10	1.281E-9	1.959E-9	2.811E-9	3.707E-9	5.699E-9	5.856E-9	5.679E-9	1.4947E-8	1.259E-8	1.3168E-8	2.6269E-8	1.69561E-7	1.78796E-7	1.61589E-7
-21	3.92E-10	9.11E-10	1.642E-9	2.246E-9	3.019E-9	4.717E-9	5.153E-9	4.636E-9	1.3223E-8	1.1226E-8	1.1045E-8	2.173E-8	1.63078E-7	1.77105E-7	1.51693E-7
-21.5	3.13E-10	7.56E-10	1.21E-9	1.738E-9	2.387E-9	3.976E-9	3.915E-9	3.427E-9	1.1312E-8	9.957E-9	9.348E-9	2.0863E-8	1.51329E-7	1.64664E-7	1.42421E-7
-22	2.32E-10	4.9E-10	9.83E-10	1.39E-9	1.853E-9	3.354E-9	3.412E-9	2.36E-9	9.84E-9	8.001E-9	7.988E-9	1.7066E-8	1.3775E-7	1.50207E-7	1.42411E-7
-22.5	1.77E-10	3.61E-10	7.64E-10	1.101E-9	1.378E-9	2.398E-9	2.75E-9	1.759E-9	8.687E-9	7.191E-9	6.62E-9	1.4927E-8	1.30946E-7	1.37548E-7	1.28017E-7
-23	1.19E-10	2.65E-10	5.89E-10	8.47E-10	1.039E-9	1.921E-9	2.266E-9	1.33E-9	7.19E-9	5.581E-9	5.987E-9	1.228E-8	1.27541E-7	1.36108E-7	1.12905E-7
-23.5	9.4E-11	2E-10	4.11E-10	6.32E-10	7.4E-10	1.537E-9	1.648E-9	9.12E-10	6.012E-9	5.15E-9	4.741E-9	1.0896E-8	1.19238E-7	1.3129E-7	1.08153E-7
-24	8.6E-11	1.42E-10	2.8E-10	4.08E-10	5.12E-10	1.173E-9	1.276E-9	6.4E-10	5.073E-9	4.654E-9	4.128E-9	9.119E-9	1.12344E-7	1.24352E-7	9.8936E-8
-24.5	8.1E-11	1.03E-10	2.08E-10	2.79E-10	3.49E-10	7.88E-10	9.26E-10	3.85E-10	4.002E-9	3.49E-9	3.134E-9	6.885E-9	1.05245E-7	1.21913E-7	8.9262E-8
-25	8E-11	8.7E-11	1.53E-10	2.17E-10	2.89E-10	6.14E-10	6.82E-10	2.68E-10	3.141E-9	2.882E-9	2.668E-9	5.861E-9	1.02289E-7	1.05987E-7	8.1387E-8
-25.5	7.8E-11	7.4E-11	1.2E-10	1.53E-10	2E-10	4.12E-10	4.8E-10	1.78E-10	2.48E-9	2.353E-9	2.248E-9	5.363E-9	9.3519E-8	9.5651E-8	7.5667E-8
-26	7.8E-11	7.3E-11	9.8E-11	1.27E-10	1.36E-10	3.02E-10	3.1E-10	1.42E-10	2.037E-9	1.664E-9	1.86E-9	4.574E-9	8.8132E-8	8.9833E-8	6.8196E-8
-26.5	7.7E-11	6.7E-11	8.7E-11	1.04E-10	1.02E-10	2.33E-10	2.23E-10	1.11E-10	1.563E-9	1.561E-9	1.43E-9	3.718E-9	7.9419E-8	8.7048E-8	6.3242E-8
-27	7.5E-11	6.6E-11	7.8E-11	8.5E-11	9E-11	1.71E-10	1.57E-10	9.2E-11	1.233E-9	1.206E-9	1.135E-9	3.125E-9	7.7078E-8	7.9763E-8	5.5545E-8
-27.5	7.6E-11	6.7E-11	7.4E-11	7.7E-11	7.8E-11	1.29E-10	1.2E-10	8.3E-11	9.64E-10	9.28E-10	9.59E-10	2.61E-9	7.0825E-8	7.4389E-8	4.8291E-8
-28	7.8E-11	6.5E-11	7.3E-11	7.9E-11	7E-11	1.06E-10	9.6E-11	7.5E-11	7.6E-10	7.37E-10	7.84E-10	2.147E-9	6.501E-8	6.5263E-8	4.4716E-8
-28.5	7.4E-11	6.6E-11	7.5E-11	7.6E-11	6.8E-11	8.8E-11	8.3E-11	7E-11	5.43E-10	5.23E-10	6.02E-10	1.571E-9	5.948E-8	6.036E-8	3.6544E-8
-29	7.3E-11	6.6E-11	7.1E-11	7.6E-11	6.8E-11	8.2E-11	7.9E-11	6.9E-11	4.2E-10	4.45E-10	5.23E-10	1.345E-9	5.5319E-8	5.5612E-8	3.631E-8
-29.5	7.4E-11	6.7E-11	7E-11	7.5E-11	6.8E-11	7.4E-11	7.3E-11	6.7E-11	3.42E-10	3.25E-10	4.1E-10	1.095E-9	5.0483E-8	4.8396E-8	3.2329E-8
-30	7.5E-11	6.7E-11	6.7E-11	7.5E-11	7.2E-11	7.2E-11	7.1E-11	6.9E-11	2.6E-10	2.76E-10	3.39E-10	8.67E-10	4.9505E-8	4.6212E-8	2.7906E-8
-30.5	7.5E-11	6.7E-11	6.9E-11	7.4E-11	6.8E-11	7.4E-11	7E-11	6.7E-11	2.07E-10	2.28E-10	2.76E-10	7.03E-10	4.394E-8	4.1926E-8	2.4739E-8
-31	7.6E-11	6.5E-11	7E-11	7.4E-11	6.7E-11	7.3E-11	7E-11	6.9E-11	1.69E-10	1.84E-10	2.26E-10	5.9E-10	4.1224E-8	3.7324E-8	2.2027E-8
-31.5	7.7E-11	7E-11	6.9E-11	7.3E-11	6.9E-11	7E-11	6.8E-11	6.8E-11	1.4E-10	1.51E-10	2.01E-10	4.53E-10	3.5049E-8	3.3061E-8	1.646E-8
-32	7.6E-11	6.9E-11	6.9E-11	7.7E-11	6.9E-11	6.9E-11	6.6E-11	6.8E-11	1.26E-10	1.32E-10	1.73E-10	3.73E-10	3.2338E-8	3.1533E-8	1.3468E-8
-32.5	7.6E-11	7.3E-11	7.1E-11	7.8E-11	7E-11	7.1E-11	6.6E-11	6.7E-11	1.06E-10	1.13E-10	1.5E-10	3.05E-10	3.0044E-8	2.8316E-8	1.0638E-8
-33	7.6E-11	7.1E-11	7.1E-11	7.5E-11	7.1E-11	7E-11	6.7E-11	6.7E-11	9.9E-11	1.03E-10	1.32E-10	2.4E-10	2.7799E-8	2.5396E-8	8.56E-9
-33.5	7.7E-11	7.1E-11	7E-11	7.6E-11	6.7E-11	6.9E-11	6.6E-11	6.7E-11	9E-11	9.4E-11	1.16E-10	2.09E-10	2.5929E-8	2.1977E-8	6.224E-9
-34	7.7E-11	6.8E-11	6.9E-11	7.4E-11	6.8E-11	6.8E-11	6.7E-11	6.9E-11	8.6E-11	8.7E-11	1.05E-10	1.77E-10	2.2948E-8	1.9001E-8	4.536E-9
-34.5	7.6E-11	6.9E-11	6.6E-11	7.2E-11	6.7E-11	6.6E-11	6.8E-11	6.4E-11	7.8E-11	8E-11	9.7E-11	1.48E-10	2.0174E-8	1.572E-8	3.376E-9
-35	7.7E-11	6.7E-11	7E-11	7.3E-11	6.7E-11	6.9E-11	6.7E-11	6.6E-11	7.4E-11	7.9E-11	8.8E-11	1.3E-10	1.7292E-8	1.281E-8	2.206E-9
-35.5	7.5E-11	6.8E-11	6.8E-11	7.2E-11	6.7E-11	7E-11	6.4E-11	6.5E-11	7E-11	7.5E-11	8E-11	1.21E-10	1.6689E-8	1.0795E-8	1.453E-9
-36	7.7E-11	7E-11	7E-11	7.1E-11	6.8E-11	7.1E-11	6.3E-11	6.6E-11	7E-11	7.1E-11	7.7E-11	1.12E-10	1.2742E-8	9.158E-9	7.77E-10
-36.5	7.7E-11	6.9E-11	7E-11	7E-11	6.8E-11	7E-11	6.4E-11	6.7E-11	7E-11	6.8E-11	7.5E-11	1.02E-10	1.0589E-8	7.482E-9	3.72E-10
-37	7.7E-11	6.6E-11	6.9E-11	6.9E-11	7.1E-11	7.2E-11	6.7E-11	6.5E-11	6.7E-11	6.8E-11	7.5E-11	9.5E-11	9.567E-9	6.295E-9	1.68E-10
-37.5	7.8E-11	6.6E-11	7.1E-11	6.9E-11	7.1E-11	7E-11	6.6E-11	6.9E-11	6.6E-11	6.6E-11	7.4E-11	8.9E-11	9.09E-9	4.852E-9	8.3E-11
-38	8.1E-11	7E-11	6.9E-11	7.3E-11	6.8E-11	6.9E-11	6.7E-11	6.7E-11	6.6E-11	6.5E-11	7.2E-11	8.3E-11	7.93E-9	3.932E-9	5.9E-11
-38.5	8E-11	6.8E-11	7.1E-11	6.9E-11	7.2E-11	6.7E-11	6.8E-11	6.7E-11	6.5E-11	6.2E-11	6.8E-11	8.3E-11	5.785E-9	3.261E-9	6.2E-11
-39	8.1E-11	6.7E-11	6.9E-11	6.9E-11	7.1E-11	6.8E-11	6.7E-11	6.7E-11	6.6E-11	6.1E-11	6.7E-11	7.8E-11	4.805E-9	2.393E-9	6E-11
-39.5	7.9E-11	6.8E-11	7.4E-11	6.9E-11	7E-11	7E-11	6.8E-11	6.8E-11	6.7E-11	6.4E-11	6.5E-11	7.5E-11	4.242E-9	1.881E-9	6.2E-11
-40	7.7E-11	6.9E-11	7.2E-11	7E-11	7.1E-11	7.1E-11	6.8E-11	6.6E-11	6.6E-11	6.4E-11	6.6E-11	7.3E-11	3.397E-9	1.47E-9	6.2E-11
-40.5	7.6E-11	6.7E-11	7.1E-11	7.1E-11	7E-11	7.1E-11	6.6E-11	6.5E-11	6.5E-11	6.3E-11	6.5E-11	7.1E-11	2.7E-9	9.39E-10	6E-11
-41	7.7E-11	6.8E-11	7.1E-11	7.1E-11	7.1E-11	7E-11	6.7E-11	6.6E-11	6.7E-11	6.2E-11	6.8E-11	6.9E-11	1.961E-9	6.17E-10	5.8E-11
-41.5	7.8E-11	6.9E-11	6.9E-11	7.2E-11	7.1E-11	6.9E-11	6.5E-11	6.5E-11	6.8E-11	6.5E-11	6.7E-11	6.9E-11	1.582E-9	3.38E-10	5.9E-11
-42	7.7E-11	6.7E-11	6.7E-11	7.1E-11	7.1E-11	7.2E-11	6.6E-11	6.7E-11	6.6E-11	6.3E-11	6.6E-11	6.8E-11	1.156E-9	1.98E-10	6.1E-11
-42.5	7.7E-11	6.7E-11	6.6E-11	7.1E-11	7.1E-11	6.8E-11	6.8E-11	6.8E-11	6.5E-11	6.2E-11	6.1E-11	6.8E-11	8.54E-10	1.11E-10	6E-11
-43	7.7E-11	6.7E-11	6.8E-11	6.9E-11	7.1E-11	6.9E-11	6.6E-11	6.8E-11	6.5E-11	6.3E-11	6.3E-11	6.6E-11	8.04E-10	7.2E-11	5.9E-11
-43.5	7.7E-11	6.5E-11	6.7E-11	7.1E-11	7.3E-11	7.1E-11	6.7E-11	6.7E-11	6.4E-11	6.2E-11	6.1E-11	6.9E-11	6.08E-10	6.6E-11	6.1E-11
-44	7.9E-11	6.7E-11	6.9E-11	7.2E-11	7.4E-11	7.1E-11	6.7E-11	7.1E-11	6.5E-11	5.9E-11	6.2E-11	6.5E-11	4.22E-10	6.6E-11	6.2E-11
-44.5	8E-11	6.7E-11	6.7E-11	7.1E-11	7.4E-11	7.1E-11	6.5E-11	7.1E-11	6.4E-11	5.9E-11	6.2E-11	6.9E-11	3.01E-10	6.5E-11	6.2E-11
-45	7.9E-11	6.9E-11	7E-11	7.4E-11	7.4E-11	7E-11	6.4E-11	6.9E-11	6.7E-11	6.3E-11	6.3E-11	6.5E-11	2.35E-10	6.7E-11	6.2E-11
-45.5	7.9E-11	6.9E-11	7E-11	7.2E-11	7.7E-11	6.9E-11	6.4E-11	6.6E-11	6.3E-11	6.1E-11	6.6E-11	6.9E-11	2.1E-10	6.6E-11	6.2E-11
-46	7.8E-11	6.9E-11	7E-11	7.2E-11	7.3E-11	6.9E-11	6.7E-11	6.8E-11	6.7E-11	5.9E-11	6.2E-11	6.6E-11	1.46E-10	6.5E-11	6.1E-11
-46.5	7.6E-11	6.7E-11	7E-11	7.1E-11	7.2E-11	6.9E-11	6.7E-11	6.8E-11	6.5E-11	6.1E-11	5.9E-11	6.7E-11	1.17E-10	6.3E-11	6.2E-11
-47	8.1E-11	6.8E-11	6.6E-11	7.3E-11	7.2E-11	7E-11	6.9E-11	6.6E-11	6.5E-11	5.8E-11	6.4E-11	6.3E-11	9.7E-11	6.1E-11	6.2E-11
-47.5	7.9E-11	6.8E-11	7.1E-11	7.3E-11	7E-11	6.9E-11	6.6E-11	7.1E-11	6.3E-11	6.1E-11	6.3E-11	6.5E-11	8.4E-11	5.9E-11	6.4E-11
-48	7.7E-11	6.6E-11	6.9E-11	7.3E-11	6.9E-11	7.2E-11	6.7E-11	7.3E-11	6.2E-11	6.1E-11	6.2E-11	6.3E-11	7.5E-11	6E-11	6.3E-11
-48.5	7.9E-11	6.7E-11	7E-11	7.3E-11	6.9E-11	7.3E-11	6.6E-11	7.3E-11	6.4E-11	6E-11	6.4E-11	6.6E-11	7.1E-11	6.4E-11	6.1E-11
-49	7.9E-11	6.6E-11	6.9E-11	7.3E-11	7E-11	7.2E-11	6.5E-11	7.4E-11	6.3E-11	6E-11	6.7E-11	6.4E-11	6.8E-11	6.4E-11	5.9E-11
-49.5	7.6E-11	6.9E-11	6.8E-11	7.8E-11	6.9E-11	7.2E-11	6.6E-11	7.2E-11	6.1E-11	6.4E-11	6.7E-11	6.4E-11	6.5E-11	6.4E-11	6E-11
-50	7.5E-11	6.6E-11	7E-11	7.2E-11	6.9E-11	7.1E-11	6.6E-11	6.7E-11	6E-11	6.2E-11	6.6E-11	6.2E-11	6.3E-11	6.6E-11	6.1E-11
-50.5	7.8E-11	6.8E-11	6.8E-11	7E-11	7.2E-11	7.1E-11	6.4E-11	7E-11	6E-11	6.3E-11	6.5E-11	6.4E-11	6.1E-11	6.3E-11	6.2E-11
-51	7.6E-11	6.9E-11	6.9E-11	7.4E-11	7.3E-11	7E-11	6.5E-11	6.9E-11	6.3E-11	6.2E-11	6.7E-11	6.4E-11	6.3E-11	6.5E-11	6.3E-11
-51.5	7.8E-11	6.9E-11	6.8E-11	7.5E-11	7.1E-11	6.9E-11	6.4E-11	6.8E-11	6E-11	6.1E-11	6.3E-11	6.5E-11	6.1E-11	6.5E-11	6.4E-11
-52	7.7E-11	6.9E-11	6.9E-11	7E-11	6.9E-11	7.1E-11	6.5E-11	6.7E-11	6.1E-11	6.2E-11	6.4E-11	6.4E-11	6.1E-11	6.2E-11	6.2E-11
-52.5	7.9E-11	6.8E-11	6.7E-11	7.2E-11	6.9E-11	7.4E-11	6.7E-11	6.7E-11	6.1E-11	5.8E-11	6.6E-11	6.8E-11	6.2E-11	6.2E-11	6.2E-11
-53	7.8E-11	6.7E-11	7E-11	7E-11	6.7E-11	7.2E-11	6.7E-11	7E-11	5.9E-11	6.3E-11	6.2E-11	6.5E-11	6.2E-11	6.4E-11	6E-11
-53.5	7.9E-11	6.6E-11	7E-11	7.3E-11	6.9E-11	7.3E-11	6.7E-11	7.2E-11	6.2E-11	6.3E-11	6.3E-11	6.5E-11	6.3E-11	6.2E-11	6.1E-11
-54	7.8E-11	6.7E-11	6.8E-11	7.3E-11	6.8E-11	7.3E-11	6.9E-11	6.9E-11	6.2E-11	6.4E-11	6.6E-11	6.6E-11	6.1E-11	6.4E-11	6.1E-11
-54.5	7.8E-11	6.5E-11	6.6E-11	7.3E-11	6.7E-11	7.1E-11	6.6E-11	7E-11	6.1E-11	6E-11	6.6E-11	6.8E-11	6E-11	6E-11	6.2E-11
-55	7.6E-11	6.8E-11	6.8E-11	7.6E-11	6.8E-11	7.1E-11	6.7E-11	7.1E-11	6.2E-11	6.3E-11	6.6E-11	6.4E-11	6.5E-11	6.2E-11	6.2E-11
-55.5	7.3E-11	7.1E-11	6.8E-11	7.6E-11	6.8E-11	7.2E-11	6.8E-11	7E-11	6.6E-11	6.4E-11	6.4E-11	6.4E-11	6.4E-11	6.2E-11	6.3E-11
-56	7.5E-11	6.9E-11	6.7E-11	7.5E-11	6.9E-11	7.2E-11	6.6E-11	6.8E-11	6.5E-11	6.2E-11	6.5E-11	6.8E-11	6.3E-11	6E-11	6.2E-11
-56.5	7.5E-11	7E-11	6.9E-11	7.5E-11	7.1E-11	7E-11	6.4E-11	7E-11	6.6E-11	6.2E-11	6.5E-11	6.7E-11	6.2E-11	6E-11	6E-11
-57	7.3E-11	7.2E-11	6.7E-11	7.3E-11	7.2E-11	7E-11	6.6E-11	7.1E-11	6.2E-11	6.1E-11	6.6E-11	6.8E-11	6.3E-11	6.2E-11	6.3E-11
-57.5	7.5E-11	6.9E-11	7E-11	7.4E-11	7.1E-11	6.9E-11	6.6E-11	6.9E-11	6.3E-11	6.2E-11	6.4E-11	6.6E-11	6.3E-11	6.3E-11	6.4E-11
-58	7.6E-11	7E-11	6.8E-11	7.4E-11	7.2E-11	6.9E-11	6.8E-11	7.1E-11	6.6E-11	6.3E-11	6.6E-11	6.8E-11	6.5E-11	6.5E-11	6.3E-11
-58.5	7.2E-11	6.9E-11	7E-11	7.5E-11	7.2E-11	6.5E-11	6.9E-11	7.2E-11	6.4E-11	6.4E-11	6.6E-11	7E-11	6.4E-11	6.4E-11	6.4E-11
-59	7.5E-11	6.8E-11	7.2E-11	7.5E-11	7.2E-11	6.5E-11	6.7E-11	7.1E-11	6.4E-11	6.4E-11	6.5E-11	6.5E-11	6.5E-11	6.3E-11	6.4E-11
-59.5	7.5E-11	6.7E-11	7.4E-11	7.4E-11	7.1E-11	7E-11	7E-11	7.1E-11	6.5E-11	6.4E-11	6.5E-11	6.6E-11	6.3E-11	6.1E-11	6.6E-11
-60	7.5E-11	6.8E-11	7.2E-11	7.5E-11	7.1E-11	6.9E-11	6.6E-11	7E-11	6.4E-11	6.4E-11	6.2E-11	6.3E-11	6.3E-11	6.2E-11	6.1E-11
